% time-domain voltage integration by openEMS v0.0.35 @Tue Oct  6 19:08:00 2026
% start-coordinates: (-0.0088,-0.0304,0.0016442) m -> [93,78,25]
% stop-coordinates: (-0.008,-0.0304,0.0016442) m -> [109,78,25]
% t/s	voltage
0	-0
2.49145104815e-11	-0
4.98290209629e-11	-0
7.47435314444e-11	-0
9.96580419258e-11	-2.94485693697e-12
1.24572552407e-10	-6.95144132144e-12
1.49487062889e-10	3.02764783459e-12
1.7440157337e-10	1.36374293748e-11
1.99316083852e-10	4.04510928876e-11
2.24230594333e-10	7.63442338861e-11
2.49145104815e-10	1.0135642919e-10
2.74059615296e-10	5.36892418273e-11
2.98974125778e-10	5.66358281887e-11
3.23888636259e-10	8.57733734299e-11
3.4880314674e-10	9.55794872415e-09
3.73717657222e-10	7.23695438576e-08
3.98632167703e-10	3.04026373577e-07
4.23546678185e-10	1.04305794113e-06
4.48461188666e-10	3.14187224015e-06
4.73375699148e-10	8.34078239187e-06
4.98290209629e-10	1.9466459678e-05
5.23204720111e-10	3.99206518189e-05
5.48119230592e-10	7.19021728379e-05
5.73033741074e-10	0.000113671546508
5.97948251555e-10	0.000157626456932
6.22862762036e-10	0.000191572366582
6.47777272518e-10	0.000203875793416
6.72691782999e-10	0.000189805033042
6.97606293481e-10	0.000154449636526
7.22520803962e-10	0.000109814109045
7.47435314444e-10	6.83026474348e-05
7.72349824925e-10	3.7355200373e-05
7.97264335407e-10	1.82329653562e-05
8.22178845888e-10	8.24234186503e-06
8.4709335637e-10	3.72506792212e-06
8.72007866851e-10	1.87674243435e-06
8.96922377333e-10	1.14022018899e-06
9.21836887814e-10	8.47869140952e-07
9.46751398295e-10	7.65890756057e-07
9.71665908777e-10	7.91333145617e-07
9.96580419258e-10	8.56967124832e-07
1.02149492974e-09	9.33389631362e-07
1.04640944022e-09	1.02757668626e-06
1.0713239507e-09	1.14797672832e-06
1.09623846118e-09	1.27894020251e-06
1.12115297167e-09	1.35759895941e-06
1.14606748215e-09	1.27020538229e-06
1.17098199263e-09	9.11954918525e-07
1.19589650311e-09	2.59881786868e-07
1.22081101359e-09	-5.93193168252e-07
1.24572552407e-09	-1.4663539728e-06
1.27064003455e-09	-2.17543661263e-06
1.29555454504e-09	-2.60266337637e-06
1.32046905552e-09	-2.70424116459e-06
1.345383566e-09	-2.48661546692e-06
1.37029807648e-09	-1.99657425159e-06
1.39521258696e-09	-1.32240687745e-06
1.42012709744e-09	-5.84619220034e-07
1.44504160792e-09	8.7690903039e-08
1.46995611841e-09	5.9016829268e-07
1.49487062889e-09	8.80283984761e-07
