% time-domain current integration by openEMS v0.0.35 @Tue Oct  6 19:08:00 2026
% start-coordinates: (-0.00845,-0.03055,0.0015692) m -> [100,75,24]
% stop-coordinates: (-0.00845,-0.0303,0.0016442) m -> [100,80,25]
% t/s	current
4.98290209629e-14	0
2.49643395024e-11	0
4.98788499839e-11	0
7.47933604653e-11	0
9.97078709468e-11	5.23061547417e-14
1.24622381428e-10	2.33353484105e-13
1.4953689191e-10	1.87934140906e-13
1.74451402391e-10	-2.24394531819e-13
1.99365912873e-10	-4.25914566202e-13
2.24280423354e-10	-8.13465939574e-13
2.49194933836e-10	-9.31509860566e-13
2.74109444317e-10	-5.42744993913e-13
2.99023954798e-10	-7.47630147895e-13
3.2393846528e-10	-1.1963901007e-12
3.48852975761e-10	-1.12267084518e-10
3.73767486243e-10	-8.45536585192e-10
3.98681996724e-10	-3.54718543427e-09
4.23596507206e-10	-1.2161224916e-08
4.48511017687e-10	-3.66107002492e-08
4.73425528169e-10	-9.7136023669e-08
4.9834003865e-10	-2.26577483886e-07
5.23254549132e-10	-4.64394702249e-07
5.48169059613e-10	-8.35980813463e-07
5.73083570095e-10	-1.32091747673e-06
5.97998080576e-10	-1.83074860161e-06
6.22912591057e-10	-2.2239005375e-06
6.47827101539e-10	-2.36559094446e-06
6.7274161202e-10	-2.20132142204e-06
6.97656122502e-10	-1.79050925908e-06
7.22570632983e-10	-1.2725556644e-06
7.47485143465e-10	-7.91232992015e-07
7.72399653946e-10	-4.32606782397e-07
7.97314164428e-10	-2.11114368653e-07
8.22228674909e-10	-9.54342525006e-08
8.47143185391e-10	-4.31416644631e-08
8.72057695872e-10	-2.17479652065e-08
8.96972206353e-10	-1.32232349515e-08
9.21886716835e-10	-9.83936843113e-09
9.46801227316e-10	-8.88892159878e-09
9.71715737798e-10	-9.17863118843e-09
9.96630248279e-10	-9.93202586841e-09
1.02154475876e-09	-1.08128839216e-08
1.04645926924e-09	-1.19051808412e-08
1.07137377972e-09	-1.33054856022e-08
1.09628829021e-09	-1.48282035539e-08
1.12120280069e-09	-1.57388626576e-08
1.14611731117e-09	-1.47178313981e-08
1.17103182165e-09	-1.05515436388e-08
1.19594633213e-09	-2.97644575653e-09
1.22086084261e-09	6.92622004195e-09
1.24577535309e-09	1.7053586987e-08
1.27068986358e-09	2.5265343595e-08
1.29560437406e-09	3.01948759329e-08
1.32051888454e-09	3.13396277818e-08
1.34543339502e-09	2.87858696879e-08
1.3703479055e-09	2.30874217522e-08
1.39526241598e-09	1.52727359648e-08
1.42017692646e-09	6.734332203e-09
1.44509143695e-09	-1.04039599158e-09
1.47000594743e-09	-6.85044199145e-09
1.49492045791e-09	-1.0206601786e-08
