% time-domain voltage integration by openEMS v0.0.35 @Tue Oct  6 19:08:00 2026
% start-coordinates: (0.0036,-0.0068,0.0016442) m -> [341,550,25]
% stop-coordinates: (0.0036,-0.006,0.0016442) m -> [341,566,25]
% t/s	voltage
0	0
2.49145104815e-11	1.43686108345e-07
4.98290209629e-11	5.47348022906e-07
7.47435314444e-11	1.84131127412e-06
9.96580419258e-11	5.38107178727e-06
1.24572552407e-10	1.37229820893e-05
1.49487062889e-10	3.05102735183e-05
1.7440157337e-10	5.91304387854e-05
1.99316083852e-10	9.99028115984e-05
2.24230594333e-10	0.000147126860611
2.49145104815e-10	0.000188833491848
2.74059615296e-10	0.000211145030335
2.98974125778e-10	0.000205533910048
3.23888636259e-10	0.000173934595296
3.4880314674e-10	0.000127650790091
3.73717657222e-10	8.09264802228e-05
3.98632167703e-10	4.41074471382e-05
4.23546678185e-10	2.06916347452e-05
4.48461188666e-10	8.71717998052e-06
4.73375699148e-10	4.02518361398e-06
4.98290209629e-10	2.86451391673e-06
5.23204720111e-10	2.90816973347e-06
5.48119230592e-10	3.07362445184e-06
5.73033741074e-10	2.93733800039e-06
5.97948251555e-10	2.3230905728e-06
6.22862762036e-10	1.0873019205e-06
6.47777272518e-10	-6.54720212045e-07
6.72691782999e-10	-2.59917417211e-06
6.97606293481e-10	-4.27585335716e-06
7.22520803962e-10	-5.23646854456e-06
7.47435314444e-10	-5.22262076741e-06
7.72349824925e-10	-4.272381255e-06
7.97264335407e-10	-2.74046989457e-06
8.22178845888e-10	-1.17782737696e-06
8.4709335637e-10	-1.03207782098e-07
8.72007866851e-10	2.13479418587e-07
8.96922377333e-10	-1.31216508326e-07
9.21836887814e-10	-7.80380007726e-07
9.46751398295e-10	-1.35162232162e-06
9.71665908777e-10	-1.64196355623e-06
9.96580419258e-10	-1.66733652041e-06
1.02149492974e-09	-1.54597392443e-06
1.04640944022e-09	-1.34462108914e-06
1.0713239507e-09	-1.02972472948e-06
1.09623846118e-09	-5.56232589988e-07
1.12115297167e-09	2.35165644735e-08
1.14606748215e-09	5.54706312439e-07
1.17098199263e-09	8.92412697961e-07
1.19589650311e-09	1.00542758252e-06
1.22081101359e-09	9.77653961343e-07
1.24572552407e-09	9.28749588347e-07
1.27064003455e-09	9.44796870961e-07
1.29555454504e-09	1.05741833112e-06
1.32046905552e-09	1.24562233772e-06
1.345383566e-09	1.43825565369e-06
1.37029807648e-09	1.51655279312e-06
1.39521258696e-09	1.35494500242e-06
1.42012709744e-09	8.82451442585e-07
1.44504160792e-09	1.38609800082e-07
1.46995611841e-09	-7.11405564235e-07
1.49487062889e-09	-1.42581350415e-06
