% time-domain current integration by openEMS v0.0.35 @Tue Oct  6 19:08:00 2026
% start-coordinates: (0.00345,-0.0064,0.0015692) m -> [338,558,24]
% stop-coordinates: (0.0037,-0.0064,0.0016442) m -> [343,558,25]
% t/s	current
4.98290209629e-14	-0
2.49643395024e-11	1.08618614103e-09
4.98788499839e-11	4.35560520984e-09
7.47933604653e-11	1.49729171284e-08
9.97078709468e-11	4.51719905925e-08
1.24622381428e-10	1.18857485631e-07
1.4953689191e-10	2.73091529834e-07
1.74451402391e-10	5.4794548987e-07
1.99365912873e-10	9.59892531682e-07
2.24280423354e-10	1.46819058955e-06
2.49194933836e-10	1.96088103621e-06
2.74109444317e-10	2.28739077102e-06
2.99023954798e-10	2.3318143576e-06
3.2393846528e-10	2.07958078136e-06
3.48852975761e-10	1.62534138326e-06
3.73767486243e-10	1.11592271423e-06
3.98681996724e-10	6.74294085456e-07
4.23596507206e-10	3.57226866754e-07
4.48511017687e-10	1.6129207836e-07
4.73425528169e-10	5.38765867475e-08
4.9834003865e-10	3.78315379024e-10
5.23254549132e-10	-2.39515749456e-08
5.48169059613e-10	-3.31763203576e-08
5.73083570095e-10	-3.35201839619e-08
5.97998080576e-10	-2.63314348103e-08
6.22912591057e-10	-1.19679599564e-08
6.47827101539e-10	8.26170065693e-09
6.7274161202e-10	3.08242320557e-08
6.97656122502e-10	5.02615833398e-08
7.22570632983e-10	6.13777473291e-08
7.47485143465e-10	6.11847355003e-08
7.72399653946e-10	5.01356893778e-08
7.97314164428e-10	3.23527267199e-08
8.22228674909e-10	1.4231910761e-08
8.47143185391e-10	1.78524250938e-09
8.72057695872e-10	-1.86609505626e-09
8.96972206353e-10	2.14659601205e-09
9.21886716835e-10	9.67516644579e-09
9.46801227316e-10	1.62852646923e-08
9.71715737798e-10	1.96322016421e-08
9.96630248279e-10	1.99126404254e-08
1.02154475876e-09	1.85017743348e-08
1.04645926924e-09	1.61685207445e-08
1.07137377972e-09	1.25169155041e-08
1.09628829021e-09	7.02226632399e-09
1.12120280069e-09	2.95931834593e-10
1.14611731117e-09	-5.86130388669e-09
1.17103182165e-09	-9.76958247634e-09
1.19594633213e-09	-1.10728297642e-08
1.22086084261e-09	-1.07492281742e-08
1.24577535309e-09	-1.01883976811e-08
1.27068986358e-09	-1.03846202748e-08
1.29560437406e-09	-1.16991127896e-08
1.32051888454e-09	-1.38820857032e-08
1.34543339502e-09	-1.61058366643e-08
1.3703479055e-09	-1.69956511087e-08
1.39526241598e-09	-1.51012873317e-08
1.42017692646e-09	-9.60617096979e-09
1.44509143695e-09	-9.70350799712e-10
1.47000594743e-09	8.88963391787e-09
1.49492045791e-09	1.71717200459e-08
