 time                     v(src0)                  v(out0)                  i(V0)                   
 0.00000000000000000e+00 -6.00000000000000089e-01 -6.00000000000000089e-01  0.00000000000000000e+00 
 1.30000000000000001e-13 -5.99707500000000060e-01 -5.99999961979942653e-01 -2.92461979942626113e-07 
 2.60000000000000003e-13 -5.99415000000000142e-01 -5.99999885944769717e-01 -5.84885944769565798e-07 
 5.20000000000000006e-13 -5.98830000000000084e-01 -5.99999657854075719e-01 -1.16965785407565932e-06 
 1.04000000000000001e-12 -5.97660000000000080e-01 -5.99998745669159783e-01 -2.33874566915972300e-06 
 2.08000000000000002e-12 -5.95320000000000071e-01 -5.99995098470207155e-01 -4.67509847020702342e-06 
 4.16000000000000005e-12 -5.90640000000000054e-01 -5.99980522224684565e-01 -9.34052222468454568e-06 
 8.32000000000000009e-12 -5.81280000000000130e-01 -5.99922317917189640e-01 -1.86423179171895650e-05 
 1.66400000000000002e-11 -5.62560000000000060e-01 -5.99690303810801129e-01 -3.71303038108010798e-05 
 3.32800000000000004e-11 -5.25120000000000031e-01 -5.98768623138581924e-01 -7.36486231385819097e-05 
 6.65600000000000007e-11 -4.50240000000000085e-01 -5.95132105415442925e-01 -1.44892105415442849e-04 
 1.03560000000000002e-10 -3.66990000000000038e-01 -5.88356324462697144e-01 -2.21366324462697074e-04 
 1.40560000000000004e-10 -2.83740000000000048e-01 -5.78802393186192421e-01 -2.95062393186192441e-04 
 1.77560000000000005e-10 -2.00490000000000002e-01 -5.66571236045407711e-01 -3.66081236045407701e-04 
 2.14560000000000007e-10 -1.17240000000000011e-01 -5.51760111122795993e-01 -4.34520111122795949e-04 
 2.51560000000000008e-10 -3.39899999999999647e-02 -5.34462743315684108e-01 -5.00472743315684247e-04 
 2.88559999999999984e-10  4.92599999999999705e-02 -5.14769452689586626e-01 -5.64029452689586625e-04 
 3.25559999999999959e-10  1.32509999999999906e-01 -4.92767278168708078e-01 -6.25277278168707941e-04 
 3.62559999999999935e-10  2.15759999999999841e-01 -4.68540096733026046e-01 -6.84300096733025877e-04 
 3.99559999999999911e-10  2.99009999999999887e-01 -4.42168738285189045e-01 -7.41178738285188949e-04 
 4.00000000000000015e-10  3.00000000000000044e-01 -4.41842473618570153e-01 -7.41842473618570188e-04 
 4.00068855653303124e-10 -2.79820975301411923e-01 -4.41831318290561770e-01 -1.62010342989149861e-04 
 4.00206566959909292e-10 -2.79462925904235937e-01 -4.41808984518626269e-01 -1.62346058614390313e-04 
 4.00481989573121627e-10 -2.78746827109883855e-01 -4.41764178298340582e-01 -1.63017351188456735e-04 
 4.01032834799546348e-10 -2.77314629521179579e-01 -4.41674011343029971e-01 -1.64359381821850439e-04 
 4.02134525252395791e-10 -2.74450234343771027e-01 -4.41491460899870958e-01 -1.67041226556099932e-04 
 4.04337906158094626e-10 -2.68721443988954034e-01 -4.41117506079627963e-01 -1.72396062090673919e-04 
 4.08744667969492347e-10 -2.57263863279320049e-01 -4.40334278031935533e-01 -1.83070414752615465e-04 
 4.17558191592287736e-10 -2.34348701860051967e-01 -4.38627323092474874e-01 -2.04278621232422910e-04 
 4.35185238837878516e-10 -1.88518379021515914e-01 -4.34657555194911116e-01 -2.46139176173395190e-04 
 4.70439333329060127e-10 -9.68577333444438082e-02 -4.24542729400362862e-01 -3.27684996055919075e-04 
 5.07439333329060103e-10 -6.57733344443967027e-04 -4.10891237152872402e-01 -4.10233503808428435e-04 
 5.44439333329060078e-10  9.55422666555559852e-02 -3.94240928227087617e-01 -4.89783194882643588e-04 
 5.81439333329060054e-10  1.91742266655555937e-01 -3.74700743435081862e-01 -5.66443010090637768e-04 
 6.18439333329060030e-10  2.87942266655556001e-01 -3.52375665994381249e-01 -6.40317932649937262e-04 
 6.55439333329060005e-10  3.84142266655555842e-01 -3.27366865299194565e-01 -7.11509131954750438e-04 
 6.92439333329059981e-10  4.80342266655555905e-01 -2.99771835468732262e-01 -7.80114102124288130e-04 
 7.00000000000000064e-10  5.00000000000000000e-01 -2.93821832985343090e-01 -7.93821832985343138e-04 
 7.03700000000000062e-10  5.00000000000000000e-01 -2.90895519562960059e-01 -7.90895519562960156e-04 
 7.11100000000000057e-10  5.00000000000000000e-01 -2.85064467610418482e-01 -7.85064467610418516e-04 
 7.25900000000000047e-10  5.00000000000000000e-01 -2.73530862170042910e-01 -7.73530862170042962e-04 
 7.55500000000000028e-10  5.00000000000000000e-01 -2.50968274940802316e-01 -7.50968274940802408e-04 
 7.92500000000000003e-10  5.00000000000000000e-01 -2.23687149587037254e-01 -7.23687149587037295e-04 
 8.29499999999999979e-10  5.00000000000000000e-01 -1.97397091133703517e-01 -6.97397091133703548e-04 
 8.66499999999999955e-10  5.00000000000000000e-01 -1.72062096168610679e-01 -6.72062096168610690e-04 
 9.03499999999999930e-10  5.00000000000000000e-01 -1.47647469209122556e-01 -6.47647469209122620e-04 
 9.40500000000000009e-10  5.00000000000000000e-01 -1.24119775187779835e-01 -6.24119775187779871e-04 
 9.77499999999999985e-10  5.00000000000000000e-01 -1.01446793664021484e-01 -6.01446793664021494e-04 
 1.01449999999999996e-09  5.00000000000000000e-01 -7.95974746993000221e-02 -5.79597474699299997e-04 
 1.05149999999999994e-09  5.00000000000000000e-01 -5.85418963351624425e-02 -5.58541896335162415e-04 
 1.08849999999999991e-09  5.00000000000000000e-01 -3.82512236160647418e-02 -5.38251223616064800e-04 
 1.12549999999999989e-09  5.00000000000000000e-01 -1.86976691008027031e-02 -5.18697669100802688e-04 
 1.16249999999999986e-09  5.00000000000000000e-01  1.45545191519044672e-04 -4.99854454808481012e-04 
 1.19949999999999984e-09  5.00000000000000000e-01  1.83042244530937093e-02 -4.81695775546906292e-04 
 1.23649999999999981e-09  5.00000000000000000e-01  3.58032364268153908e-02 -4.64196763573184606e-04 
 1.27349999999999979e-09  5.00000000000000000e-01  5.26665454618746171e-02 -4.47333454538125408e-04 
 1.31049999999999977e-09  5.00000000000000000e-01  6.89172453321845180e-02 -4.31082754667815493e-04 
 1.34749999999999974e-09  5.00000000000000000e-01  8.45775908625813477e-02 -4.15422409137418641e-04 
 1.38449999999999972e-09  5.00000000000000000e-01  9.96690284061105547e-02 -4.00330971593889447e-04 
 1.42149999999999969e-09  5.00000000000000000e-01  1.14212225214136015e-01 -3.85787774785864004e-04 
 1.45849999999999967e-09  5.00000000000000000e-01  1.28227097739493867e-01 -3.71772902260506140e-04 
 1.49549999999999964e-09  5.00000000000000000e-01  1.41732838911451359e-01 -3.58267161088548646e-04 
 1.53249999999999962e-09  5.00000000000000000e-01  1.54747944419822758e-01 -3.45252055580177282e-04 
 1.56949999999999959e-09  5.00000000000000000e-01  1.67290238044237621e-01 -3.32709761955762417e-04 
 1.60649999999999957e-09  5.00000000000000000e-01  1.79376896063249081e-01 -3.20623103936750939e-04 
 1.64349999999999955e-09  5.00000000000000000e-01  1.91024470776709809e-01 -3.08975529223290207e-04 
 1.68049999999999952e-09  5.00000000000000000e-01  2.02248913173628586e-01 -2.97751086826371413e-04 
 1.71749999999999950e-09  5.00000000000000000e-01  2.13065594776550238e-01 -2.86934405223449767e-04 
 1.75449999999999947e-09  5.00000000000000000e-01  2.23489328692375061e-01 -2.76510671307624934e-04 
 1.79149999999999945e-09  5.00000000000000000e-01  2.33534389898444883e-01 -2.66465610101555123e-04 
 1.82849999999999942e-09  5.00000000000000000e-01  2.43214534791677650e-01 -2.56785465208322320e-04 
 1.86549999999999940e-09  5.00000000000000000e-01  2.52543020027522436e-01 -2.47456979972477580e-04 
 1.90249999999999958e-09  5.00000000000000000e-01  2.61532620674534311e-01 -2.38467379325465697e-04 
 1.93949999999999976e-09  5.00000000000000000e-01  2.70195647709430942e-01 -2.29804352290569069e-04 
 1.97649999999999995e-09  5.00000000000000000e-01  2.78543964876589556e-01 -2.21456035123410448e-04 
 2.01350000000000013e-09  5.00000000000000000e-01  2.86589004935073721e-01 -2.13410995064926268e-04 
 2.05050000000000031e-09  5.00000000000000000e-01  2.94341785315439086e-01 -2.05658214684560929e-04 
 2.08750000000000049e-09  5.00000000000000000e-01  3.01812923207759820e-01 -1.98187076792240161e-04 
 2.12450000000000068e-09  5.00000000000000000e-01  3.09012650101537778e-01 -1.90987349898462248e-04 
 2.16150000000000086e-09  5.00000000000000000e-01  3.15950825797407298e-01 -1.84049174202592712e-04 
 2.19850000000000104e-09  5.00000000000000000e-01  3.22636951909823499e-01 -1.77363048090176524e-04 
 2.23550000000000122e-09  5.00000000000000000e-01  3.29080184879226079e-01 -1.70919815120773946e-04 
 2.27250000000000141e-09  5.00000000000000000e-01  3.35289348511497720e-01 -1.64710651488502292e-04 
 2.30950000000000159e-09  5.00000000000000000e-01  3.41272946061890126e-01 -1.58727053938109892e-04 
 2.34650000000000177e-09  5.00000000000000000e-01  3.47039171879965747e-01 -1.52960828120034243e-04 
 2.38350000000000195e-09  5.00000000000000000e-01  3.52595922631503467e-01 -1.47404077368496552e-04 
 2.42050000000000214e-09  5.00000000000000000e-01  3.57950808112735053e-01 -1.42049191887264970e-04 
 2.45750000000000232e-09  5.00000000000000000e-01  3.63111161671722582e-01 -1.36888838328277397e-04 
 2.49450000000000250e-09  5.00000000000000000e-01  3.68084050251149375e-01 -1.31915949748850610e-04 
 2.53150000000000268e-09  5.00000000000000000e-01  3.72876284066276931e-01 -1.27123715933723095e-04 
 2.56850000000000287e-09  5.00000000000000000e-01  3.77494425931321376e-01 -1.22505574068678628e-04 
 2.60550000000000305e-09  5.00000000000000000e-01  3.81944800247021987e-01 -1.18055199752978041e-04 
 2.64250000000000323e-09  5.00000000000000000e-01  3.86233501661710443e-01 -1.13766498338289533e-04 
 2.67950000000000341e-09  5.00000000000000000e-01  3.90366403417740648e-01 -1.09633596582259327e-04 
 2.71650000000000360e-09  5.00000000000000000e-01  3.94349165394710321e-01 -1.05650834605289657e-04 
 2.75350000000000378e-09  5.00000000000000000e-01  3.98187241860489149e-01 -1.01812758139510867e-04 
 2.79050000000000396e-09  5.00000000000000000e-01  4.01885888940667679e-01 -9.81141110593323064e-05 
 2.82750000000000414e-09  5.00000000000000000e-01  4.05450171816657157e-01 -9.45498281833428468e-05 
 2.86450000000000433e-09  5.00000000000000000e-01  4.08884971662296481e-01 -9.11150283377035056e-05 
 2.90150000000000451e-09  5.00000000000000000e-01  4.12194992328467291e-01 -8.78050076715327244e-05 
 2.93850000000000469e-09  5.00000000000000000e-01  4.15384766784870574e-01 -8.46152332151294071e-05 
 2.97550000000000487e-09  5.00000000000000000e-01  4.18458663327786473e-01 -8.15413366722135156e-05 
 3.01250000000000506e-09  5.00000000000000000e-01  4.21420891562319544e-01 -7.85791084376804465e-05 
 3.04950000000000524e-09  5.00000000000000000e-01  4.24275508167321180e-01 -7.57244918326788002e-05 
 3.08650000000000542e-09  5.00000000000000000e-01  4.27026422450884346e-01 -7.29735775491156769e-05 
 3.12350000000000560e-09  5.00000000000000000e-01  4.29677401704018525e-01 -7.03225982959814920e-05 
 3.16050000000000578e-09  5.00000000000000000e-01  4.32232076359837125e-01 -6.77679236401628783e-05 
 3.19750000000000597e-09  5.00000000000000000e-01  4.34693944965321655e-01 -6.53060550346783674e-05 
 3.23450000000000615e-09  5.00000000000000000e-01  4.37066378972472469e-01 -6.29336210275275145e-05 
 3.27150000000000633e-09  5.00000000000000000e-01  4.39352627355406700e-01 -6.06473726445932873e-05 
 3.30850000000000651e-09  5.00000000000000000e-01  4.41555821059726739e-01 -5.84441789402732415e-05 
 3.34550000000000670e-09  5.00000000000000000e-01  4.43678977290252130e-01 -5.63210227097478921e-05 
 3.38250000000000688e-09  5.00000000000000000e-01  4.45725003642987228e-01 -5.42749963570127798e-05 
 3.41950000000000706e-09  5.00000000000000000e-01  4.47696702086982812e-01 -5.23032979130171895e-05 
 3.45650000000000724e-09  5.00000000000000000e-01  4.49596772801545030e-01 -5.04032271984549535e-05 
 3.49350000000000743e-09  5.00000000000000000e-01  4.51427817874046511e-01 -4.85721821259535143e-05 
 3.53050000000000761e-09  5.00000000000000000e-01  4.53192344863403707e-01 -4.68076551365962865e-05 
 3.56750000000000779e-09  5.00000000000000000e-01  4.54892770234099908e-01 -4.51072297659001133e-05 
 3.60450000000000797e-09  5.00000000000000000e-01  4.56531422665458153e-01 -4.34685773345418387e-05 
 3.64150000000000816e-09  5.00000000000000000e-01  4.58110546240694194e-01 -4.18894537593058236e-05 
 3.67850000000000834e-09  5.00000000000000000e-01  4.59632303520119134e-01 -4.03676964798808501e-05 
 3.71550000000000852e-09  5.00000000000000000e-01  4.61098778502697093e-01 -3.89012214973029065e-05 
 3.75250000000000829e-09  5.00000000000000000e-01  4.62511979480016766e-01 -3.74880205199832456e-05 
 3.78950000000000806e-09  5.00000000000000000e-01  4.63873841786584695e-01 -3.61261582134152822e-05 
 3.82650000000000783e-09  5.00000000000000000e-01  4.65186230450204019e-01 -3.48137695497959779e-05 
 3.86350000000000760e-09  5.00000000000000000e-01  4.66450942746072850e-01 -3.35490572539271447e-05 
 3.90050000000000737e-09  5.00000000000000000e-01  4.67669710658095761e-01 -3.23302893419042336e-05 
 3.93750000000000713e-09  5.00000000000000000e-01  4.68844203250781577e-01 -3.11557967492184090e-05 
 3.97450000000000690e-09  5.00000000000000000e-01  4.69976028954975200e-01 -3.00239710450247782e-05 
 4.00000000000000025e-09  5.00000000000000000e-01  4.70732001565834723e-01 -2.92679984341652900e-05 
