 time                     v(src0)                  v(out0)                  i(V0)                   
 0.00000000000000000e+00 -6.00000000000000089e-01 -6.00000000000000089e-01  0.00000000000000000e+00 
 1.30000000000000003e-11 -5.70750000000000091e-01 -5.99791809982346047e-01 -2.90418099823460421e-05 
 2.60000000000000007e-11 -5.41500000000000092e-01 -5.99171858432677840e-01 -5.76718584326778034e-05 
 3.90000000000000010e-11 -5.12249999999999983e-01 -5.98143596654917564e-01 -8.58935966549173802e-05 
 5.20000000000000014e-11 -4.83000000000000040e-01 -5.96723081919316334e-01 -1.13723081919316188e-04 
 6.50000000000000082e-11 -4.53750000000000042e-01 -5.95302567183715214e-01 -1.41552567183715009e-04 
 7.80000000000000150e-11 -4.24500000000000099e-01 -5.93037107196540014e-01 -1.68537107196539910e-04 
 9.10000000000000218e-11 -3.95250000000000101e-01 -5.90656427402332040e-01 -1.95406427402331943e-04 
 1.04000000000000029e-10 -3.66000000000000103e-01 -5.88242710144813996e-01 -2.22242710144814309e-04 
 1.17000000000000035e-10 -3.36750000000000049e-01 -5.84885923480096159e-01 -2.48135923480096506e-04 
 1.30000000000000042e-10 -3.07500000000000051e-01 -5.81529136815378211e-01 -2.74029136815378649e-04 
 1.43000000000000049e-10 -2.78250000000000053e-01 -5.77995797958529622e-01 -2.99745797958530006e-04 
 1.56000000000000056e-10 -2.49000000000000055e-01 -5.73698364368524172e-01 -3.24698364368524611e-04 
 1.69000000000000063e-10 -2.19750000000000001e-01 -5.69400930778518721e-01 -3.49650930778519107e-04 
 1.82000000000000069e-10 -1.90499999999999892e-01 -5.64793901054694292e-01 -3.74293901054694659e-04 
 1.95000000000000076e-10 -1.61249999999999893e-01 -5.59589992298100913e-01 -3.98339992298101376e-04 
 2.08000000000000083e-10 -1.31999999999999895e-01 -5.54386083541507646e-01 -4.22386083541508093e-04 
 2.21000000000000090e-10 -1.02749999999999897e-01 -5.48749434131504232e-01 -4.45999434131504112e-04 
 2.34000000000000071e-10 -7.34999999999998987e-02 -5.42671980577654089e-01 -4.69171980577654012e-04 
 2.47000000000000078e-10 -4.42499999999999005e-02 -5.36594527023803947e-01 -4.92344527023803966e-04 
 2.60000000000000084e-10 -1.49999999999997913e-02 -5.29970544048541603e-01 -5.14970544048541797e-04 
 2.73000000000000091e-10  1.42500000000002069e-02 -5.23051279774507383e-01 -5.37301279774507609e-04 
 2.86000000000000098e-10  4.35000000000002052e-02 -5.16132015500473162e-01 -5.59632015500473312e-04 
 2.99000000000000105e-10  7.27500000000000924e-02 -5.08561271554506256e-01 -5.81311271554506574e-04 
 3.12000000000000112e-10  1.02000000000000091e-01 -5.00830777803927374e-01 -6.02830777803927548e-04 
 3.25000000000000118e-10  1.31250000000000089e-01 -4.93100284053348381e-01 -6.24350284053348629e-04 
 3.38000000000000125e-10  1.60500000000000198e-01 -4.84621706896819548e-01 -6.45121706896819094e-04 
 3.51000000000000132e-10  1.89750000000000196e-01 -4.76109453959958295e-01 -6.65859453959957823e-04 
 3.64000000000000139e-10  2.19000000000000306e-01 -4.67513751971812663e-01 -6.86513751971813300e-04 
 3.77000000000000146e-10  2.48250000000000304e-01 -4.58248139544194244e-01 -7.06498139544194841e-04 
 3.90000000000000153e-10  2.77500000000000413e-01 -4.48982527116575825e-01 -7.26482527116576599e-04 
 4.03000000000000159e-10 -2.72199999999998665e-01 -4.41344573699020026e-01 -1.69144573699010802e-04 
 4.16000000000000166e-10 -2.38400000000000611e-01 -4.38929105098053385e-01 -2.00529105098051753e-04 
 4.29000000000000173e-10 -2.04599999999999671e-01 -4.36050526021804885e-01 -2.31450526021804580e-04 
 4.42000000000000180e-10 -1.70799999999999841e-01 -4.32702317853513541e-01 -2.61902317853513747e-04 
 4.55000000000000187e-10 -1.36999999999999789e-01 -4.28972460734023009e-01 -2.91972460734023350e-04 
 4.68000000000000142e-10 -1.03199999999999958e-01 -4.25242603614532422e-01 -3.22042603614532521e-04 
 4.81000000000000097e-10 -6.93999999999999062e-02 -4.20646273746669408e-01 -3.51246273746669475e-04 
 4.94000000000000052e-10 -3.56000000000000760e-02 -4.15849803497551185e-01 -3.80249803497550976e-04 
 5.07000000000000007e-10 -1.80000000000024585e-03 -4.11053333248432906e-01 -4.09253333248432694e-04 
 5.19999999999999962e-10  3.19999999999995843e-02 -4.05238832277603045e-01 -4.37238832277602688e-04 
 5.32999999999999917e-10  6.57999999999996366e-02 -3.99388723736111118e-01 -4.65188723736110815e-04 
 5.45999999999999872e-10  9.95999999999994667e-02 -3.93416719709550389e-01 -4.93016719709549211e-04 
 5.58999999999999827e-10  1.33399999999999297e-01 -3.86551249377224071e-01 -5.19951249377222807e-04 
 5.71999999999999783e-10  1.67199999999999127e-01 -3.79685779044897753e-01 -5.46885779044896402e-04 
 5.84999999999999738e-10  2.00999999999999401e-01 -3.72552306700778324e-01 -5.73552306700776172e-04 
 5.97999999999999693e-10  2.34799999999999454e-01 -3.64708360572964629e-01 -5.99508360572962337e-04 
 6.10999999999999648e-10  2.68599999999999284e-01 -3.56864414445150935e-01 -6.25464414445148719e-04 
 6.23999999999999603e-10  3.02399999999998448e-01 -3.48617136142870321e-01 -6.51017136142869484e-04 
 6.36999999999999558e-10  3.36199999999998278e-01 -3.39830260222939884e-01 -6.76030260222938999e-04 
 6.49999999999999513e-10  3.69999999999998330e-01 -3.31043384303009447e-01 -7.01043384303008514e-04 
 6.62999999999999468e-10  4.03799999999998382e-01 -3.21728032263444763e-01 -7.25528032263443893e-04 
 6.75999999999999423e-10  4.37599999999998213e-01 -3.12032481241931059e-01 -7.49632481241930063e-04 
 6.88999999999999378e-10  4.71399999999998265e-01 -3.02336930220417299e-01 -7.73736930220416232e-04 
 7.01999999999999334e-10  5.00000000000000000e-01 -2.92240041946216000e-01 -7.92240041946224859e-04 
 7.14999999999999289e-10  5.00000000000000000e-01 -2.82025206717347432e-01 -7.82025206717348962e-04 
 7.27999999999999244e-10  5.00000000000000000e-01 -2.71930138076077688e-01 -7.71930138076076387e-04 
 7.40999999999999199e-10  5.00000000000000000e-01 -2.62020893684857148e-01 -7.62020893684855908e-04 
 7.53999999999999154e-10  5.00000000000000000e-01 -2.52111649293636719e-01 -7.52111649293635428e-04 
 7.66999999999999109e-10  5.00000000000000000e-01 -2.42489006249767436e-01 -7.42489006249766477e-04 
 7.79999999999999064e-10  5.00000000000000000e-01 -2.32903745990336475e-01 -7.32903745990335612e-04 
 7.92999999999999019e-10  5.00000000000000000e-01 -2.23331878526857652e-01 -7.23331878526859459e-04 
 8.05999999999998974e-10  5.00000000000000000e-01 -2.14094830962172855e-01 -7.14094830962174690e-04 
 8.18999999999998930e-10  5.00000000000000000e-01 -2.04857783397488058e-01 -7.04857783397489922e-04 
 8.31999999999998885e-10  5.00000000000000000e-01 -1.95685267149576791e-01 -6.95685267149575496e-04 
 8.44999999999998840e-10  5.00000000000000000e-01 -1.86783782432111800e-01 -6.86783782432110477e-04 
 8.57999999999998795e-10  5.00000000000000000e-01 -1.77882297714646809e-01 -6.77882297714645457e-04 
 8.70999999999998750e-10  5.00000000000000000e-01 -1.69092749646511442e-01 -6.69092749646510053e-04 
 8.83999999999998705e-10  5.00000000000000000e-01 -1.60514637471556143e-01 -6.60514637471554776e-04 
 8.96999999999998660e-10  5.00000000000000000e-01 -1.51936525296600844e-01 -6.51936525296599500e-04 
 9.09999999999998615e-10  5.00000000000000000e-01 -1.43514225664833406e-01 -6.43514225664833478e-04 
 9.22999999999998570e-10  5.00000000000000000e-01 -1.35247738576253607e-01 -6.35247738576253567e-04 
 9.35999999999998629e-10  5.00000000000000000e-01 -1.26981251487673696e-01 -6.26981251487673656e-04 
 9.48999999999998687e-10  5.00000000000000000e-01 -1.18911117270160127e-01 -6.18911117270161664e-04 
 9.61999999999998746e-10  5.00000000000000000e-01 -1.10944934572623444e-01 -6.10944934572624893e-04 
 9.74999999999998804e-10  5.00000000000000000e-01 -1.02978751875086649e-01 -6.02978751875088122e-04 
 9.87999999999998863e-10  5.00000000000000000e-01 -9.52463112551145130e-02 -5.95246311255117396e-04 
 1.00099999999999892e-09  5.00000000000000000e-01 -8.75695235107528669e-02 -5.87569523510755821e-04 
 1.01399999999999898e-09  5.00000000000000000e-01 -7.98927357663912208e-02 -5.79892735766394138e-04 
 1.02699999999999904e-09  5.00000000000000000e-01 -7.24841036303349728e-02 -5.72484103630335707e-04 
 1.03999999999999910e-09  5.00000000000000000e-01 -6.50861977186109053e-02 -5.65086197718611682e-04 
 1.05299999999999916e-09  5.00000000000000000e-01 -5.77193014951993266e-02 -5.57719301495198630e-04 
 1.06599999999999921e-09  5.00000000000000000e-01 -5.05901462155163850e-02 -5.50590146215515714e-04 
 1.07899999999999927e-09  5.00000000000000000e-01 -4.34609909358333324e-02 -5.43460990935832689e-04 
 1.09199999999999933e-09  5.00000000000000000e-01 -3.64015630538104817e-02 -5.36401563053810542e-04 
 1.10499999999999939e-09  5.00000000000000000e-01 -2.95313952511507827e-02 -5.29531395251150896e-04 
 1.11799999999999945e-09  5.00000000000000000e-01 -2.26612274484910836e-02 -5.22661227448491250e-04 
 1.13099999999999951e-09  5.00000000000000000e-01 -1.58966507600523110e-02 -5.15896650760051811e-04 
 1.14399999999999957e-09  5.00000000000000000e-01 -9.27606195464192318e-03 -5.09276061954641525e-04 
 1.15699999999999962e-09  5.00000000000000000e-01 -2.65547314923153532e-03 -5.02655473149231130e-04 
 1.16999999999999968e-09  5.00000000000000000e-01  3.82635855535173874e-03 -4.96173641444649276e-04 
 1.18299999999999974e-09  5.00000000000000000e-01  1.02064350526617220e-02 -4.89793564947339213e-04 
 1.19599999999999980e-09  5.00000000000000000e-01  1.65865115499718163e-02 -4.83413488450029150e-04 
 1.20899999999999986e-09  5.00000000000000000e-01  2.27972140139141022e-02 -4.77202785986085599e-04 
 1.22199999999999992e-09  5.00000000000000000e-01  2.89455155181947976e-02 -4.71054484481804982e-04 
 1.23499999999999997e-09  5.00000000000000000e-01  3.50938170224753820e-02 -4.64906182977524365e-04 
 1.24800000000000003e-09  5.00000000000000000e-01  4.10445351809554104e-02 -4.58955464819043430e-04 
 1.26100000000000009e-09  5.00000000000000000e-01  4.69694815986789749e-02 -4.53030518401319909e-04 
 1.27400000000000015e-09  5.00000000000000000e-01  5.28861495141761395e-02 -4.47113850485824629e-04 
 1.28700000000000021e-09  5.00000000000000000e-01  5.85958548740147522e-02 -4.41404145125985940e-04 
 1.30000000000000027e-09  5.00000000000000000e-01  6.43055602338534760e-02 -4.35694439766147359e-04 
 1.31300000000000033e-09  5.00000000000000000e-01  6.99753767869416565e-02 -4.30024623213056669e-04 
 1.32600000000000038e-09  5.00000000000000000e-01  7.54776603516756905e-02 -4.24522339648322690e-04 
 1.33900000000000044e-09  5.00000000000000000e-01  8.09799439164097246e-02 -4.19020056083588602e-04 
 1.35200000000000050e-09  5.00000000000000000e-01  8.64130359692271699e-02 -4.13586964030773687e-04 
 1.36500000000000056e-09  5.00000000000000000e-01  9.17154329439807126e-02 -4.08284567056020164e-04 
 1.37800000000000062e-09  5.00000000000000000e-01  9.70178299187342552e-02 -4.02982170081266642e-04 
 1.39100000000000068e-09  5.00000000000000000e-01  1.02223914331844967e-01 -3.97776085668153419e-04 
 1.40400000000000074e-09  5.00000000000000000e-01  1.07333686183313404e-01 -3.92666313816684943e-04 
 1.41700000000000079e-09  5.00000000000000000e-01  1.12443458034781840e-01 -3.87556541965216575e-04 
 1.43000000000000085e-09  5.00000000000000000e-01  1.17431858091583408e-01 -3.82568141908417106e-04 
 1.44300000000000091e-09  5.00000000000000000e-01  1.22356002492384874e-01 -3.77643997507615668e-04 
 1.45600000000000097e-09  5.00000000000000000e-01  1.27280146893186341e-01 -3.72719853106814230e-04 
 1.46900000000000103e-09  5.00000000000000000e-01  1.32059808072076956e-01 -3.67940191927921992e-04 
 1.48200000000000109e-09  5.00000000000000000e-01  1.36805068483845882e-01 -3.63194931516153119e-04 
 1.49500000000000114e-09  5.00000000000000000e-01  1.41550328895614697e-01 -3.58449671104384246e-04 
 1.50800000000000120e-09  5.00000000000000000e-01  1.46129834015631732e-01 -3.53870165984369856e-04 
 1.52100000000000126e-09  5.00000000000000000e-01  1.50702708923978412e-01 -3.49297291076023134e-04 
 1.53400000000000132e-09  5.00000000000000000e-01  1.55256415782975998e-01 -3.44743584217024261e-04 
 1.54700000000000138e-09  5.00000000000000000e-01  1.59663167596959643e-01 -3.40336832403040704e-04 
 1.56000000000000144e-09  5.00000000000000000e-01  1.64069919410943288e-01 -3.35930080589057038e-04 
 1.57300000000000150e-09  5.00000000000000000e-01  1.68433570559549217e-01 -3.31566429440450150e-04 
 1.58600000000000155e-09  5.00000000000000000e-01  1.72680234187850501e-01 -3.27319765812148790e-04 
 1.59900000000000161e-09  5.00000000000000000e-01  1.76926897816151896e-01 -3.23073102183847431e-04 
 1.61200000000000167e-09  5.00000000000000000e-01  1.81108292304438812e-01 -3.18891707695560757e-04 
 1.62500000000000173e-09  5.00000000000000000e-01  1.85200683419979084e-01 -3.14799316580020492e-04 
 1.63800000000000179e-09  5.00000000000000000e-01  1.89293074535519357e-01 -3.10706925464480227e-04 
 1.65100000000000185e-09  5.00000000000000000e-01  1.93299695586896136e-01 -3.06700304413101850e-04 
 1.66400000000000191e-09  5.00000000000000000e-01  1.97243418591218911e-01 -3.02756581408779031e-04 
 1.67700000000000196e-09  5.00000000000000000e-01  2.01187141595541796e-01 -2.98812858404456211e-04 
 1.69000000000000202e-09  5.00000000000000000e-01  2.05026169260865976e-01 -2.94973830739133107e-04 
 1.70300000000000208e-09  5.00000000000000000e-01  2.08826624959189799e-01 -2.91173375040809320e-04 
 1.71600000000000214e-09  5.00000000000000000e-01  2.12627080657513623e-01 -2.87372919342485426e-04 
 1.72900000000000220e-09  5.00000000000000000e-01  2.16305403966605581e-01 -2.83694596033393673e-04 
 1.74200000000000226e-09  5.00000000000000000e-01  2.19967796964057549e-01 -2.80032203035941729e-04 
 1.75500000000000231e-09  5.00000000000000000e-01  2.23625072762728139e-01 -2.76374927237270005e-04 
 1.76800000000000237e-09  5.00000000000000000e-01  2.27154418591887841e-01 -2.72845581408110371e-04 
 1.78100000000000243e-09  5.00000000000000000e-01  2.30683764421047544e-01 -2.69316235578950683e-04 
 1.79400000000000249e-09  5.00000000000000000e-01  2.34188453742583153e-01 -2.65811546257415298e-04 
 1.80700000000000255e-09  5.00000000000000000e-01  2.37589585732097347e-01 -2.62410414267901101e-04 
 1.82000000000000261e-09  5.00000000000000000e-01  2.40990717721611597e-01 -2.59009282278386849e-04 
 1.83300000000000267e-09  5.00000000000000000e-01  2.44349080293334991e-01 -2.55650919706664132e-04 
 1.84600000000000272e-09  5.00000000000000000e-01  2.47626656187010213e-01 -2.52373343812988947e-04 
 1.85900000000000278e-09  5.00000000000000000e-01  2.50904232080685352e-01 -2.49095767919313763e-04 
 1.87200000000000263e-09  5.00000000000000000e-01  2.54122274195241582e-01 -2.45877725804757039e-04 
 1.88500000000000249e-09  5.00000000000000000e-01  2.57280782530678098e-01 -2.42719217469320456e-04 
 1.89800000000000234e-09  5.00000000000000000e-01  2.60439290866114725e-01 -2.39560709133883928e-04 
 1.91100000000000219e-09  5.00000000000000000e-01  2.63522775533903242e-01 -2.36477224466096717e-04 
 1.92400000000000204e-09  5.00000000000000000e-01  2.66566541789407419e-01 -2.33433458210592583e-04 
 1.93700000000000189e-09  5.00000000000000000e-01  2.69610308044911595e-01 -2.30389691955088394e-04 
 1.95000000000000174e-09  5.00000000000000000e-01  2.72564764743355892e-01 -2.27435235256644413e-04 
 1.96300000000000160e-09  5.00000000000000000e-01  2.75497957261546689e-01 -2.24502042738453631e-04 
 1.97600000000000145e-09  5.00000000000000000e-01  2.78431149779737597e-01 -2.21568850220262795e-04 
 1.98900000000000130e-09  5.00000000000000000e-01  2.81261883815268177e-01 -2.18738116184732955e-04 
 2.00200000000000115e-09  5.00000000000000000e-01  2.84088519511492277e-01 -2.15911480488508844e-04 
 2.01500000000000100e-09  5.00000000000000000e-01  2.86903306842385741e-01 -2.13096693157613956e-04 
 2.02800000000000086e-09  5.00000000000000000e-01  2.89627256705757286e-01 -2.10372743294242410e-04 
 2.04100000000000071e-09  5.00000000000000000e-01  2.92351206569128941e-01 -2.07648793430870811e-04 
 2.05400000000000056e-09  5.00000000000000000e-01  2.95048514575522114e-01 -2.04951485424476098e-04 
 2.06700000000000041e-09  5.00000000000000000e-01  2.97673508970121237e-01 -2.02326491029876984e-04 
 2.08000000000000026e-09  5.00000000000000000e-01  3.00298503364720359e-01 -1.99701496635277815e-04 
 2.09300000000000011e-09  5.00000000000000000e-01  3.02883152881157636e-01 -1.97116847118840516e-04 
 2.10599999999999997e-09  5.00000000000000000e-01  3.05412786654647161e-01 -1.94587213345351014e-04 
 2.11899999999999982e-09  5.00000000000000000e-01  3.07942420428136687e-01 -1.92057579571861513e-04 
 2.13199999999999967e-09  5.00000000000000000e-01  3.10419037066915593e-01 -1.89580962933084138e-04 
 2.14499999999999952e-09  5.00000000000000000e-01  3.12856774473572463e-01 -1.87143225526427307e-04 
 2.15799999999999937e-09  5.00000000000000000e-01  3.15294511880229278e-01 -1.84705488119770475e-04 
 2.17099999999999922e-09  5.00000000000000000e-01  3.17667533853299711e-01 -1.82332466146701427e-04 
 2.18399999999999908e-09  5.00000000000000000e-01  3.20016713298202637e-01 -1.79983286701798466e-04 
 2.19699999999999893e-09  5.00000000000000000e-01  3.22365892743105620e-01 -1.77634107256895504e-04 
 2.20999999999999878e-09  5.00000000000000000e-01  3.24639578373285997e-01 -1.75360421626713579e-04 
 2.22299999999999863e-09  5.00000000000000000e-01  3.26903416984157147e-01 -1.73096583015842442e-04 
 2.23599999999999848e-09  5.00000000000000000e-01  3.29164092495876415e-01 -1.70835907504122237e-04 
 2.24899999999999833e-09  5.00000000000000000e-01  3.31345690528836667e-01 -1.68654309471161928e-04 
 2.26199999999999819e-09  5.00000000000000000e-01  3.33527288561796920e-01 -1.66472711438201673e-04 
 2.27499999999999804e-09  5.00000000000000000e-01  3.35693645643280525e-01 -1.64306354356719120e-04 
 2.28799999999999789e-09  5.00000000000000000e-01  3.37795990728553486e-01 -1.62204009271446127e-04 
 2.30099999999999774e-09  5.00000000000000000e-01  3.39898335813826447e-01 -1.60101664186173187e-04 
 2.31399999999999759e-09  5.00000000000000000e-01  3.41974243796521526e-01 -1.58025756203479940e-04 
 2.32699999999999744e-09  5.00000000000000000e-01  3.44000215029899414e-01 -1.55999784970102030e-04 
 2.33999999999999730e-09  5.00000000000000000e-01  3.46026186263277302e-01 -1.53973813736724174e-04 
 2.35299999999999715e-09  5.00000000000000000e-01  3.48015357822803073e-01 -1.51984642177196701e-04 
 2.36599999999999700e-09  5.00000000000000000e-01  3.49967729708478448e-01 -1.50032270291521345e-04 
 2.37899999999999685e-09  5.00000000000000000e-01  3.51920101594153822e-01 -1.48079898405845990e-04 
 2.39199999999999670e-09  5.00000000000000000e-01  3.53826099025839558e-01 -1.46173900974160605e-04 
 2.40499999999999655e-09  5.00000000000000000e-01  3.55707545276002013e-01 -1.44292454723998168e-04 
 2.41799999999999641e-09  5.00000000000000000e-01  3.57588991526164413e-01 -1.42411008473835785e-04 
 2.43099999999999626e-09  5.00000000000000000e-01  3.59415232771364057e-01 -1.40584767228634270e-04 
 2.44399999999999611e-09  5.00000000000000000e-01  3.61228329967765049e-01 -1.38771670032233245e-04 
 2.45699999999999596e-09  5.00000000000000000e-01  3.63041427164166042e-01 -1.36958572835832221e-04 
 2.46999999999999581e-09  5.00000000000000000e-01  3.64791191597204412e-01 -1.35208808402796686e-04 
 2.48299999999999566e-09  5.00000000000000000e-01  3.66538422719705603e-01 -1.33461577280295427e-04 
 2.49599999999999552e-09  5.00000000000000000e-01  3.68278330000411158e-01 -1.31721669999590105e-04 
 2.50899999999999537e-09  5.00000000000000000e-01  3.69962087827347796e-01 -1.30037912172653440e-04 
 2.52199999999999522e-09  5.00000000000000000e-01  3.71645845654284490e-01 -1.28354154345716774e-04 
 2.53499999999999507e-09  5.00000000000000000e-01  3.73313135323780354e-01 -1.26686864676220042e-04 
 2.54799999999999492e-09  5.00000000000000000e-01  3.74935725708795964e-01 -1.25064274291204422e-04 
 2.56099999999999478e-09  5.00000000000000000e-01  3.76558316093811518e-01 -1.23441683906188855e-04 
 2.57399999999999463e-09  5.00000000000000000e-01  3.78155968059327829e-01 -1.21844031940669803e-04 
 2.58699999999999448e-09  5.00000000000000000e-01  3.79719613089168517e-01 -1.20280386910829066e-04 
 2.59999999999999433e-09  5.00000000000000000e-01  3.81283258119009261e-01 -1.18716741880988384e-04 
 2.61299999999999418e-09  5.00000000000000000e-01  3.82814131614865383e-01 -1.17185868385136867e-04 
 2.62599999999999403e-09  5.00000000000000000e-01  3.84320972652458626e-01 -1.15679027347543597e-04 
 2.63899999999999389e-09  5.00000000000000000e-01  3.85827813690051813e-01 -1.14172186309950381e-04 
 2.65199999999999374e-09  5.00000000000000000e-01  3.87294652112582238e-01 -1.12705347887418525e-04 
 2.66499999999999359e-09  5.00000000000000000e-01  3.88746752729565770e-01 -1.11253247270434990e-04 
 2.67799999999999344e-09  5.00000000000000000e-01  3.90198853346549357e-01 -1.09801146653451401e-04 
 2.69099999999999329e-09  5.00000000000000000e-01  3.91604288897070330e-01 -1.08395711102932406e-04 
 2.70399999999999314e-09  5.00000000000000000e-01  3.93003637699789410e-01 -1.06996362300213366e-04 
 2.71699999999999300e-09  5.00000000000000000e-01  3.94401031292896997e-01 -1.05598968707104536e-04 
 2.72999999999999285e-09  5.00000000000000000e-01  3.95749544645738194e-01 -1.04250455354263369e-04 
 2.74299999999999270e-09  5.00000000000000000e-01  3.97098057998579390e-01 -1.02901942001422202e-04 
 2.75599999999999255e-09  5.00000000000000000e-01  3.98437150446988353e-01 -1.01562849553013686e-04 
 2.76899999999999240e-09  5.00000000000000000e-01  3.99736675096780791e-01 -1.00263324903221256e-04 
 2.78199999999999225e-09  5.00000000000000000e-01  4.01036199746573230e-01 -9.89638002534288250e-05 
 2.79499999999999211e-09  5.00000000000000000e-01  4.02319382803959735e-01 -9.76806171960383092e-05 
 2.80799999999999196e-09  5.00000000000000000e-01  4.03571698409037061e-01 -9.64283015909609374e-05 
 2.82099999999999181e-09  5.00000000000000000e-01  4.04824014014114497e-01 -9.51759859858835656e-05 
 2.83399999999999166e-09  5.00000000000000000e-01  4.06053582600344964e-01 -9.39464173996508380e-05 
 2.84699999999999151e-09  5.00000000000000000e-01  4.07260404167731682e-01 -9.27395958322640556e-05 
 2.85999999999999136e-09  5.00000000000000000e-01  4.08467225735118511e-01 -9.15327742648772732e-05 
 2.87299999999999122e-09  5.00000000000000000e-01  4.09645381815330833e-01 -9.03546181846659013e-05 
 2.88599999999999107e-09  5.00000000000000000e-01  4.10808362049390863e-01 -8.91916379506058825e-05 
 2.89899999999999092e-09  5.00000000000000000e-01  4.11971342283450892e-01 -8.80286577165459178e-05 
 2.91199999999999077e-09  5.00000000000000000e-01  4.13100198593118473e-01 -8.68998014068788835e-05 
 2.92499999999999062e-09  5.00000000000000000e-01  4.14220930158881728e-01 -8.57790698411155499e-05 
 2.93799999999999047e-09  5.00000000000000000e-01  4.15341661724645039e-01 -8.46583382753522706e-05 
 2.95099999999999033e-09  5.00000000000000000e-01  4.16423245346661086e-01 -8.35767546533349131e-05 
 2.96399999999999018e-09  5.00000000000000000e-01  4.17503263050928775e-01 -8.24967369490671909e-05 
 2.97699999999999003e-09  5.00000000000000000e-01  4.18578753661618563e-01 -8.14212463383830469e-05 
 2.98999999999998988e-09  5.00000000000000000e-01  4.19619536554832862e-01 -8.03804634451687561e-05 
 3.00299999999998973e-09  5.00000000000000000e-01  4.20660319448047160e-01 -7.93396805519544382e-05 
 3.01599999999998959e-09  5.00000000000000000e-01  4.21690922862787754e-01 -7.83090771372082811e-05 
 3.02899999999998944e-09  5.00000000000000000e-01  4.22693896264545010e-01 -7.73061037354509423e-05 
 3.04199999999998929e-09  5.00000000000000000e-01  4.23696869666302378e-01 -7.63031303336936305e-05 
 3.05499999999998914e-09  5.00000000000000000e-01  4.24684427858123881e-01 -7.53155721418795885e-05 
 3.06799999999998899e-09  5.00000000000000000e-01  4.25650965309105511e-01 -7.43490346908979433e-05 
 3.08099999999998884e-09  5.00000000000000000e-01  4.26617502760087142e-01 -7.33824972399163252e-05 
 3.09399999999998870e-09  5.00000000000000000e-01  4.27563783110300633e-01 -7.24362168896982813e-05 
 3.10699999999998855e-09  5.00000000000000000e-01  4.28495208253293680e-01 -7.15047917467052105e-05 
 3.11999999999998840e-09  5.00000000000000000e-01  4.29426633396286728e-01 -7.05733666037121126e-05 
 3.13299999999998825e-09  5.00000000000000000e-01  4.30333331683215470e-01 -6.96666683167858033e-05 
 3.14599999999998810e-09  5.00000000000000000e-01  4.31230920075800328e-01 -6.87690799242008754e-05 
 3.15899999999998795e-09  5.00000000000000000e-01  4.32128508468385242e-01 -6.78714915316159747e-05 
 3.17199999999998781e-09  5.00000000000000000e-01  4.32997251737214983e-01 -6.70027482627839888e-05 
 3.18499999999998766e-09  5.00000000000000000e-01  4.33862232598601405e-01 -6.61377674013975485e-05 
 3.19799999999998751e-09  5.00000000000000000e-01  4.34726004884334882e-01 -6.52739951156637501e-05 
 3.21099999999998736e-09  5.00000000000000000e-01  4.35559562778739195e-01 -6.44404372212594139e-05 
 3.22399999999998721e-09  5.00000000000000000e-01  4.36393120673143509e-01 -6.36068793268550778e-05 
 3.23699999999998706e-09  5.00000000000000000e-01  4.37220855214560722e-01 -6.27791447854386870e-05 
 3.24999999999998692e-09  5.00000000000000000e-01  4.38024131673429462e-01 -6.19758683265699104e-05 
 3.26299999999998677e-09  5.00000000000000000e-01  4.38827408132298258e-01 -6.11725918677011608e-05 
 3.27599999999998662e-09  5.00000000000000000e-01  4.39620583346469584e-01 -6.03794166535283556e-05 
 3.28899999999998647e-09  5.00000000000000000e-01  4.40394678431771269e-01 -5.96053215682267273e-05 
 3.30199999999998632e-09  5.00000000000000000e-01  4.41168773517072843e-01 -5.88312264829251262e-05 
 3.31499999999998617e-09  5.00000000000000000e-01  4.41928807965085824e-01 -5.80711920349117423e-05 
 3.32799999999998603e-09  5.00000000000000000e-01  4.42674781775810933e-01 -5.73252182241866298e-05 
 3.34099999999998588e-09  5.00000000000000000e-01  4.43420755586536042e-01 -5.65792444134615173e-05 
 3.35399999999998573e-09  5.00000000000000000e-01  4.44149010371282293e-01 -5.58509896287152951e-05 
 3.36699999999998558e-09  5.00000000000000000e-01  4.44867884495216193e-01 -5.51321155047813580e-05 
 3.37999999999998543e-09  5.00000000000000000e-01  4.45586758619150147e-01 -5.44132413808474209e-05 
 3.39299999999998528e-09  5.00000000000000000e-01  4.46284539687904491e-01 -5.37154603120955929e-05 
 3.40599999999998514e-09  5.00000000000000000e-01  4.46977298600659712e-01 -5.30227013993403906e-05 
 3.41899999999998499e-09  5.00000000000000000e-01  4.47670057513414876e-01 -5.23299424865852154e-05 
 3.43199999999998484e-09  5.00000000000000000e-01  4.48338617868928258e-01 -5.16613821310715152e-05 
 3.44499999999998469e-09  5.00000000000000000e-01  4.49006210282152818e-01 -5.09937897178469612e-05 
 3.45799999999998454e-09  5.00000000000000000e-01  4.49671004358538351e-01 -5.03289956414630841e-05 
 3.47099999999998439e-09  5.00000000000000000e-01  4.50314344519146981e-01 -4.96856554808544593e-05 
 3.48399999999998425e-09  5.00000000000000000e-01  4.50957684679755555e-01 -4.90423153202458617e-05 
 3.49699999999998410e-09  5.00000000000000000e-01  4.51594732589251646e-01 -4.84052674107449501e-05 
 3.50999999999998395e-09  5.00000000000000000e-01  4.52214701531458152e-01 -4.77852984685383543e-05 
 3.52299999999998380e-09  5.00000000000000000e-01  4.52834670473664769e-01 -4.71653295263317856e-05 
 3.53599999999998365e-09  5.00000000000000000e-01  4.53445110796885154e-01 -4.65548892031155195e-05 
 3.54899999999998351e-09  5.00000000000000000e-01  4.54042557548751391e-01 -4.59574424512493112e-05 
 3.56199999999998336e-09  5.00000000000000000e-01  4.54640004300617573e-01 -4.53599956993831028e-05 
 3.57499999999998321e-09  5.00000000000000000e-01  4.55224929510725129e-01 -4.47750704892742118e-05 
 3.58799999999998306e-09  5.00000000000000000e-01  4.55800672256878037e-01 -4.41993277431213265e-05 
 3.60099999999998291e-09  5.00000000000000000e-01  4.56376415003030944e-01 -4.36235849969684412e-05 
 3.61399999999998276e-09  5.00000000000000000e-01  4.56936873313151803e-01 -4.30631266868467812e-05 
 3.62699999999998262e-09  5.00000000000000000e-01  4.57491700515261779e-01 -4.25082994847368351e-05 
 3.63999999999998247e-09  5.00000000000000000e-01  4.58046527717371754e-01 -4.19534722826268890e-05 
 3.65299999999998232e-09  5.00000000000000000e-01  4.58583524854570213e-01 -4.14164751454319086e-05 
 3.66599999999998217e-09  5.00000000000000000e-01  4.59118196331124939e-01 -4.08818036688772058e-05 
 3.67899999999998202e-09  5.00000000000000000e-01  4.59652120749612314e-01 -4.03478792503874078e-05 
 3.69199999999998187e-09  5.00000000000000000e-01  4.60167368716464020e-01 -3.98326312835357074e-05 
 3.70499999999998173e-09  5.00000000000000000e-01  4.60682616683315727e-01 -3.93173833166840069e-05 
 3.71799999999998158e-09  5.00000000000000000e-01  4.61194265055220431e-01 -3.88057349447819993e-05 
 3.73099999999998143e-09  5.00000000000000000e-01  4.61690795128332776e-01 -3.83092048716696934e-05 
 3.74399999999998128e-09  5.00000000000000000e-01  4.62187325201445065e-01 -3.78126747985573874e-05 
 3.75699999999998113e-09  5.00000000000000000e-01  4.62677611382166898e-01 -3.73223886178336659e-05 
 3.76999999999998098e-09  5.00000000000000000e-01  4.63156103543933995e-01 -3.68438964560665510e-05 
 3.78299999999998084e-09  5.00000000000000000e-01  4.63634595705701091e-01 -3.63654042942994360e-05 
 3.79599999999998069e-09  5.00000000000000000e-01  4.64104396551810017e-01 -3.58956034481859327e-05 
 3.80899999999998054e-09  5.00000000000000000e-01  4.64565506082270874e-01 -3.54344939177250924e-05 
 3.82199999999998039e-09  5.00000000000000000e-01  4.65026615612731731e-01 -3.49733843872642521e-05 
 3.83499999999998024e-09  5.00000000000000000e-01  4.65476772464122224e-01 -3.45232275358810952e-05 
 3.84799999999998009e-09  5.00000000000000000e-01  4.65921130838346409e-01 -3.40788691616569208e-05 
 3.86099999999997995e-09  5.00000000000000000e-01  4.66365489212570594e-01 -3.36345107874327465e-05 
 3.87399999999997980e-09  5.00000000000000000e-01  4.66796809315704553e-01 -3.32031906842999340e-05 
 3.88699999999997965e-09  5.00000000000000000e-01  4.67225025068577493e-01 -3.27749749314270201e-05 
 3.89999999999997950e-09  5.00000000000000000e-01  4.67653240821450433e-01 -3.23467591785541061e-05 
 3.91299999999997935e-09  5.00000000000000000e-01  4.68066498696164124e-01 -3.19335013038361099e-05 
 3.92599999999997920e-09  5.00000000000000000e-01  4.68479158255756423e-01 -3.15208417442438020e-05 
 3.93899999999997906e-09  5.00000000000000000e-01  4.68890088076631184e-01 -3.11099119233738399e-05 
 3.95199999999997891e-09  5.00000000000000000e-01  4.69287756567293823e-01 -3.07122434327112176e-05 
 3.96499999999997876e-09  5.00000000000000000e-01  4.69685425057956407e-01 -3.03145749420485953e-05 
 3.97799999999997861e-09  5.00000000000000000e-01  4.70079789901557465e-01 -2.99202100984369236e-05 
 3.99099999999997846e-09  5.00000000000000000e-01  4.70465187703172250e-01 -2.95348122968221779e-05 
 4.00399999999997832e-09  5.00000000000000000e-01  4.70732001565834723e-01 -2.92679984341652900e-05 
