 time                     v(src0)                  v(out0)                  i(V0)                    v(src1)                  v(out1)                  i(V1)                    v(src2)                  v(out2)                  i(V2)                    v(src3)                  v(out3)                  i(V3)                    v(src4)                  v(out4)                  i(V4)                   
 0.00000000000000000e+00 -7.00000000000000067e-01 -7.00000000000000067e-01  0.00000000000000000e+00 -2.00000000000000011e-01 -2.00000000000000011e-01  0.00000000000000000e+00 -6.89655172413797257e-03 -6.89655172413797257e-03  0.00000000000000000e+00  3.12500000000000000e-01  3.12500000000000000e-01  0.00000000000000000e+00 -1.00000000000000006e-01 -1.00000000000000006e-01  0.00000000000000000e+00 
 1.30000000000000001e-13 -6.98936363636363689e-01 -6.99999861745245755e-01 -1.06349810888208950e-06 -2.00000000000000011e-01 -1.99999999999999983e-01  2.71050543121376109e-20 -7.16551724137934332e-03 -6.89658668511028677e-03  2.68930556269056170e-07  3.12500000000000000e-01  3.12499999999999944e-01 -5.42101086242752217e-20 -9.98555555555555585e-02 -9.99999812246630121e-02 -1.44425669107455966e-07 
 2.60000000000000003e-13 -6.97872727272727311e-01 -6.99999585253708090e-01 -2.12685798098083065e-06 -2.00000000000000011e-01 -1.99999999999999956e-01  5.42101086242752217e-20 -7.43448275862074182e-03 -6.89665660251057976e-03  5.37826156110162324e-07  3.12500000000000000e-01  3.12499999999999889e-01 -1.08420217248550443e-19 -9.97111111111111115e-02 -9.99999436764295035e-02 -2.88832565318398798e-07 
 5.20000000000000006e-13 -6.95745454545454667e-01 -6.99998755833002972e-01 -4.25330128754836459e-06 -2.00000000000000011e-01 -1.99999999999999900e-01  1.08420217248550443e-19 -7.97241379310348330e-03 -6.89686634107963652e-03  1.07554745202384640e-06  3.12500000000000000e-01  3.12499999999999778e-01 -2.16840434497100887e-19 -9.94222222222222313e-02 -9.99998310390498024e-02 -5.77608816827577436e-07 
 1.04000000000000001e-12 -6.91490909090909156e-01 -6.99995438796944591e-01 -8.50452970603543523e-06 -2.00000000000000011e-01 -1.99999999999999872e-01  1.35525271560688054e-19 -9.04827586206902179e-03 -6.89770513180703020e-03  2.15057073026199123e-06  3.12500000000000000e-01  3.12499999999999667e-01 -3.25260651745651330e-19 -9.88444444444444570e-02 -9.99993805773628647e-02 -1.15493613291841235e-06 
 2.08000000000000002e-12 -6.82981818181818245e-01 -6.99982176255299349e-01 -1.70003580734811102e-05 -2.00000000000000011e-01 -1.99999999999999900e-01  1.08420217248550443e-19 -1.12000000000000433e-02 -6.90105887797022241e-03  4.29894112202982099e-06  3.12500000000000000e-01  3.12499999999999667e-01 -3.25260651745651330e-19 -9.76888888888888945e-02 -9.99975794914604449e-02 -2.30869060257155414e-06 
 4.16000000000000005e-12 -6.65963636363636424e-01 -6.99929171726125787e-01 -3.39655353624893162e-05 -2.00000000000000011e-01 -1.99999999999999872e-01  1.35525271560688054e-19 -1.55034482758621139e-02 -6.91446232212901413e-03  8.58898595373309900e-06  3.12500000000000000e-01  3.12499999999999722e-01 -2.71050543121376109e-19 -9.53777777777777835e-02 -9.99903813455233492e-02 -4.61260356774556308e-06 
 8.32000000000000009e-12 -6.31927272727272782e-01 -6.99717519698870749e-01 -6.77902469715979845e-05 -2.00000000000000011e-01 -1.99999999999999900e-01  1.08420217248550443e-19 -2.41103448275862831e-02 -6.96798352442335421e-03  1.71423613031629280e-05  3.12500000000000000e-01  3.12499999999999722e-01 -2.71050543121376109e-19 -9.07555555555555615e-02 -9.99616384776245426e-02 -9.20608292206898441e-06 
 1.66400000000000002e-11 -5.63854545454545497e-01 -6.98873832039276111e-01 -1.35019286584730667e-04 -2.00000000000000011e-01 -1.99999999999999928e-01  8.13151629364128326e-20 -4.13241379310345103e-02 -7.18132982914835519e-03  3.41428081018861607e-05  3.12500000000000000e-01  3.12499999999999778e-01 -2.16840434497100887e-19 -8.15111111111111175e-02 -9.98470636102721937e-02 -1.83359524991610803e-05 
 3.32800000000000004e-11 -4.27709090909090928e-01 -6.95522265958479990e-01 -2.67813175049389093e-04 -2.00000000000000011e-01 -1.99999999999999845e-01  1.62630325872825665e-19 -7.57517241379310757e-02 -8.02885228636110795e-03  6.77228718515699698e-05  3.12500000000000000e-01  3.12499999999999833e-01 -1.62630325872825665e-19 -6.30222222222222295e-02 -9.93919126610282866e-02 -3.63696904388060666e-05 
 5.46395672417188029e-11 -2.52948995295027956e-01 -6.88015661344084428e-01 -4.35066666049056523e-04 -2.00000000000000011e-01 -1.99999999999999789e-01  2.16840434497100887e-19 -1.19943932224245875e-01 -9.92707414287490389e-03  1.10016858081370971e-04  3.12500000000000000e-01  3.12499999999999833e-01 -1.62630325872825665e-19 -3.92893697314235582e-02 -9.83724972195671732e-02 -5.90831274881436212e-05 
 7.75469757863966000e-11 -6.55247435658459221e-02 -6.76039876624563996e-01 -6.10515133058718074e-04 -2.00000000000000011e-01 -1.99999999999999706e-01  2.98155597433513719e-19 -1.67338570592544811e-01 -1.29554334972364210e-02  1.54383137095308402e-04  3.12500000000000000e-01  3.12499999999999833e-01 -1.62630325872825665e-19 -1.38366935706704525e-02 -9.67461560848175001e-02 -8.29094625141470464e-05 
 1.02753295452430769e-10  1.40708780974433623e-01 -6.58275727359512008e-01 -7.98984508333945662e-04 -2.00000000000000011e-01 -1.99999999999999678e-01  3.25260651745651330e-19 -2.19489576798132746e-01 -1.74475172194334879e-02  2.02042059578699275e-04  3.12500000000000000e-01  3.12499999999999833e-01 -1.62630325872825665e-19  1.41703282804786224e-02 -9.43337407525264848e-02 -1.08504069033005119e-04 
 1.09999999999999995e-10  2.00000000000000067e-01 -6.52292568807403272e-01 -8.52292568807403350e-04 -2.00000000000000011e-01 -1.99999999999999650e-01  3.52365706057788941e-19 -2.34482758620689735e-01 -1.89604998418057558e-02  2.15522258778883956e-04  3.12500000000000000e-01  3.12499999999999778e-01 -2.16840434497100887e-19  2.22222222222222127e-02 -9.35212130479191467e-02 -1.15743435270141361e-04 
 1.10357550635382530e-10  1.99174883149117243e-01 -6.51988234893732810e-01 -8.51163118042850067e-04 -2.00000000000000011e-01 -1.99999999999999650e-01  3.52365706057788941e-19 -2.35222518555963933e-01 -1.90377968264201503e-02  2.16184721729543793e-04  3.12500000000000000e-01  3.12499999999999778e-01 -2.16840434497100887e-19  2.26195007059805803e-02 -9.34797017043299122e-02 -1.16099202410310492e-04 
 1.11072651906147600e-10  1.97524649447351680e-01 -6.51380374449388566e-01 -8.48905023896740331e-04 -2.00000000000000011e-01 -1.99999999999999650e-01  3.52365706057788941e-19 -2.36702038426512384e-01 -1.91928643544255449e-02  2.17509174072086830e-04  3.12500000000000000e-01  3.12499999999999778e-01 -2.16840434497100887e-19  2.34140576734973294e-02 -9.33964246985492103e-02 -1.16810482372046537e-04 
 1.12502854447677740e-10  1.94224182043820609e-01 -6.50169494396992009e-01 -8.44393676440812575e-04 -2.00000000000000011e-01 -1.99999999999999650e-01  3.52365706057788941e-19 -2.39661078167609176e-01 -1.95058387326930496e-02  2.20155239434916157e-04  3.12500000000000000e-01  3.12499999999999778e-01 -2.16840434497100887e-19  2.50031716085308275e-02 -9.32283458657758995e-02 -1.18231517474306732e-04 
 1.15363259530738032e-10  1.87623247236758384e-01 -6.47767063069924043e-01 -8.35390310306682350e-04 -2.00000000000000011e-01 -1.99999999999999650e-01  3.52365706057788941e-19 -2.45579157649802871e-01 -2.01431245032227535e-02  2.25436033146580127e-04  3.12500000000000000e-01  3.12499999999999722e-01 -2.71050543121376109e-19  2.81813994785977961e-02 -9.28860998038247843e-02 -1.21067499282422573e-04 
 1.21084069696858617e-10  1.74421377622633961e-01 -6.43039239874492741e-01 -8.17460617497126670e-04 -2.00000000000000011e-01 -1.99999999999999678e-01  3.25260651745651330e-19 -2.57415316614190315e-01 -2.14628824204683467e-02  2.35952434193721958e-04  3.12500000000000000e-01  3.12499999999999556e-01 -4.33680868994201774e-19  3.45378552187317889e-02 -9.21773409223410195e-02 -1.26715196141072821e-04 
 1.32525690029099788e-10  1.48017638394385087e-01 -6.33889560212757219e-01 -7.81907198607142322e-04 -2.00000000000000011e-01 -1.99999999999999706e-01  2.98155597433513719e-19 -2.81087634542965203e-01 -2.42818585984664499e-02  2.56805775944498791e-04  3.12500000000000000e-01  3.12499999999999334e-01 -6.50521303491302660e-19  4.72507666989997466e-02 -9.06634463082309355e-02 -1.37914213007230691e-04 
 1.55408930693582102e-10  9.52101599378874230e-02 -6.16796762036094126e-01 -7.12006921973981589e-04 -2.00000000000000011e-01 -1.99999999999999623e-01  3.79470760369926552e-19 -3.28432270400514759e-01 -3.06275018804871152e-02  2.97804768520027656e-04  3.12500000000000000e-01  3.12499999999999334e-01 -6.50521303491302660e-19  7.26765896595356620e-02 -8.72556008419606011e-02 -1.59932190501496278e-04 
 1.89999999999999990e-10  1.53846153846153577e-02 -5.93943564985008887e-01 -6.09328180369624202e-04 -2.00000000000000011e-01 -1.99999999999999623e-01  3.79470760369926552e-19 -4.00000000000000078e-01 -4.19705060930545479e-02  3.58029493906945504e-04  3.12500000000000000e-01  3.12499999999999334e-01 -6.50521303491302660e-19  1.11111111111111105e-01 -8.11639874685447515e-02 -1.92275098579655857e-04 
 1.91826699647069103e-10  1.11691546606097203e-02 -5.92840221271167978e-01 -6.04009375931777756e-04 -2.00000000000000011e-01 -1.99999999999999650e-01  3.52365706057788941e-19 -3.93015560172971068e-01 -4.26105907270726350e-02  3.50404969445898464e-04  3.12500000000000000e-01  3.12499999999999389e-01 -5.96311194867027439e-19  1.13140777385632330e-01 -8.08096982032376898e-02 -1.93950475588870015e-04 
 1.95480098941207329e-10  2.73823321259841768e-03 -5.90652930128677589e-01 -5.93391163341276022e-04 -2.00000000000000011e-01 -1.99999999999999706e-01  2.98155597433513719e-19 -3.79046680518913159e-01 -4.38629553535535913e-02  3.35183725165359584e-04  3.12500000000000000e-01  3.12499999999999500e-01 -4.87890977618476995e-19  1.17200109934674807e-01 -8.00950100119556530e-02 -1.97295119946630482e-04 
 2.01990108364840058e-10 -1.22848654573232685e-02 -5.86851222895339641e-01 -5.74566357438016347e-04 -2.00000000000000011e-01 -1.99999999999999734e-01  2.71050543121376109e-19 -3.54155468016787989e-01 -4.59571668806628975e-02  3.08198301136125129e-04  3.12500000000000000e-01  3.12499999999999556e-01 -4.33680868994201774e-19  1.24433453738711175e-01 -7.87913158842305505e-02 -2.03224769622941716e-04 
 2.08647002598433856e-10 -2.76469290733089568e-02 -5.83090046118044492e-01 -5.55443117044735531e-04 -2.00000000000000011e-01 -1.99999999999999678e-01  3.25260651745651330e-19 -3.28702637123635233e-01 -4.79175668849566791e-02  2.80785070238678564e-04  3.12500000000000000e-01  3.12499999999999445e-01 -5.42101086242752217e-19  1.31830002887148717e-01 -7.74184206736222152e-02 -2.09248423560770916e-04 
 2.21960791065621452e-10 -5.83710563052803333e-02 -5.75947071245796027e-01 -5.17576014940515682e-04 -2.00000000000000011e-01 -1.99999999999999595e-01  4.06575814682064163e-19 -2.77796975337329721e-01 -5.12945262471510496e-02  2.26502449090178681e-04  3.12500000000000000e-01  3.12499999999999278e-01 -7.04731412115577882e-19  1.46623101184023830e-01 -7.45531292762727782e-02 -2.21176230460296610e-04 
 2.29999999999999981e-10 -7.69230769230769829e-02 -5.71877100977886910e-01 -4.94954024054809934e-04 -2.00000000000000011e-01 -1.99999999999999595e-01  4.06575814682064163e-19 -2.47058823529411803e-01 -5.29850762050523907e-02  1.94073747324359416e-04  3.12500000000000000e-01  3.12499999999999278e-01 -7.04731412115577882e-19  1.55555555555555530e-01 -7.27464047328352098e-02 -2.28301960288390752e-04 
 2.30479656047335692e-10 -7.80299754938516554e-02 -5.71640337782587715e-01 -4.93610362288736024e-04 -1.98863972519468052e-01 -1.99999455358789074e-01 -1.13548283932102430e-06 -2.45224844524892904e-01 -5.30772409650809227e-02  1.92147603559811954e-04  3.12500000000000000e-01  3.12499999999999334e-01 -6.50521303491302660e-19  1.56088506719261860e-01 -7.26366953065054749e-02 -2.28725202025767361e-04 
 2.31438968142007139e-10 -8.02437726354011116e-02 -5.71168099764996606e-01 -4.90924327129595552e-04 -1.96591917558404106e-01 -1.99997277316177391e-01 -3.40535975777326661e-06 -2.41556886515855024e-01 -5.32597235979991798e-02  1.88297162917855859e-04  3.12500000000000000e-01  3.12499999999999445e-01 -5.42101086242752217e-19  1.57154409046674576e-01 -7.24168706275853807e-02 -2.29571279674259962e-04 
 2.33357592331350008e-10 -8.46713669185001350e-02 -5.70231346559255226e-01 -4.85559979640755117e-04 -1.92047807636276269e-01 -1.99986394930569022e-01 -7.93858729429273752e-06 -2.34220970497779346e-01 -5.36136181612616239e-02  1.80607352336517737e-04  3.12500000000000000e-01  3.12499999999999556e-01 -4.33680868994201774e-19  1.59286213701500007e-01 -7.19747886458270425e-02 -2.31261002347327052e-04 
 2.37194840710035798e-10 -9.35265554846980707e-02 -5.68388657521369911e-01 -4.74862102036671804e-04 -1.82959587792020428e-01 -1.99938587445510935e-01 -1.69789996534905048e-05 -2.19549138461627769e-01 -5.42772304767063646e-02  1.65271907984921419e-04  3.12500000000000000e-01  3.12499999999999500e-01 -4.87890977618476995e-19  1.63549823011150869e-01 -7.10809174784050729e-02 -2.34630740489555952e-04 
 2.44869337467407377e-10 -1.11236932617094053e-01 -5.64825959930581822e-01 -4.53589027313487853e-04 -1.64783148103508803e-01 -1.99739299371839374e-01 -3.49561512683305663e-05 -1.90205474389324697e-01 -5.54285922102896317e-02  1.34776882179035089e-04  3.12500000000000000e-01  3.12499999999999334e-01 -6.50521303491302660e-19  1.72077041630452648e-01 -6.92545318607667437e-02 -2.41331573491219422e-04 
 2.60218330982150535e-10 -1.46657686881885962e-01 -5.58186614986977747e-01 -4.11528928105091838e-04 -1.28430268726485552e-01 -1.98929978706642030e-01 -7.04997099801564703e-05 -1.31518146244718470e-01 -5.70345609890632183e-02  7.44835852556552434e-05  3.12500000000000000e-01  3.12499999999999278e-01 -7.04731412115577882e-19  1.89131478869056152e-01 -6.54486590396851364e-02 -2.54580137908741303e-04 
 2.90916318011636851e-10 -2.17499195411469781e-01 -5.46815388033507488e-01 -3.29316192622037748e-04 -5.57245099724389681e-02 -1.95699405353927935e-01 -1.39974895381488962e-04 -1.41434899555060722e-02 -5.75121438684541228e-02 -4.33686539129480501e-05  3.12500000000000000e-01  3.12499999999999278e-01 -7.04731412115577882e-19  2.23240353346263160e-01 -5.72360792096031495e-02 -2.80476432555866332e-04 
 3.22101504753880306e-10 -2.89465010970493153e-01 -5.37808180492572729e-01 -2.48343169522079632e-04  1.81351428381376634e-02 -1.90267299191955036e-01 -2.08402442030092706e-04  1.05093988764836554e-01 -5.43497723503059207e-02 -1.59443761115142480e-04  3.12500000000000000e-01  3.12499999999999334e-01 -6.50521303491302660e-19  2.57890560837644833e-01 -4.80916677769989351e-02 -3.05982228614643816e-04 
 3.52388824961006445e-10 -3.59358826833091893e-01 -5.31441396006971711e-01 -1.72082569173879791e-04  8.98682696444890183e-02 -1.82979410910725032e-01 -2.72847680555214070e-04  2.20898448380318912e-01 -4.78651457092402199e-02 -2.68763594089559165e-04  3.12500000000000000e-01  3.12499999999999389e-01 -5.96311194867027439e-19  2.91543138845562710e-01 -3.84605137611181494e-02 -3.30003652606680872e-04 
 3.70000000000000015e-10 -3.99999999999999856e-01 -5.28792018492879601e-01 -1.28792018492879723e-04  1.31578947368421184e-01 -1.77852104571001840e-01 -3.09431051939423017e-04  2.88235294117647256e-01 -4.25854533146496628e-02 -3.30820747432296943e-04  3.12500000000000000e-01  3.12499999999999334e-01 -6.50521303491302660e-19  3.11111111111111116e-01 -3.25286873954050357e-02 -3.43639798506516192e-04 
 3.70388862577826063e-10 -3.98775802995732676e-01 -5.28741479704805672e-01 -1.29965676709073007e-04  1.32499937684324998e-01 -1.77731467187180914e-01 -3.10231404871505901e-04  2.89722121621099782e-01 -4.24562815644887737e-02 -3.32178403185588516e-04  3.12500000000000000e-01  3.12499999999999334e-01 -6.50521303491302660e-19  3.11543180642028905e-01 -3.23949427301378767e-02 -3.43938123372166771e-04 
 3.71166587733478210e-10 -3.96327408987198149e-01 -5.28639489699948228e-01 -1.32312080712750112e-04  1.34341918316132736e-01 -1.77489570206885550e-01 -3.11831488523018306e-04  2.92695776628005055e-01 -4.21968825915687365e-02 -3.34892659219573777e-04  3.12500000000000000e-01  3.12499999999999334e-01 -6.50521303491302660e-19  3.12407319703864705e-01 -3.21272214750377566e-02 -3.44534541178902491e-04 
 3.72722038044782505e-10 -3.91430620970129040e-01 -5.28430039372379867e-01 -1.36999418402250842e-04  1.38025879579748101e-01 -1.77002045871580332e-01 -3.15027925451328477e-04  2.98643086641815603e-01 -4.16717567315171844e-02 -3.40314843373332794e-04  3.12500000000000000e-01  3.12499999999999334e-01 -6.50521303491302660e-19  3.14135597827536084e-01 -3.15903884988431721e-02 -3.45725986326379255e-04 
 3.75832938667391044e-10 -3.81637044935991043e-01 -5.27989299923796618e-01 -1.46352254987805539e-04  1.45393802106978887e-01 -1.76012104669117653e-01 -3.21405906776096569e-04  3.10537706669436475e-01 -4.05962424919181566e-02 -3.51133949161354657e-04  3.12500000000000000e-01  3.12499999999999334e-01 -6.50521303491302660e-19  3.17592154074878952e-01 -3.05111714796859231e-02 -3.48103325554564857e-04 
 3.82054739912608121e-10 -3.62049892867715051e-01 -5.27020804490953898e-01 -1.64970911623238826e-04  1.60129647161440403e-01 -1.73972883064323430e-01 -3.34102530225763869e-04  3.34326946724678220e-01 -3.83445556620497577e-02 -3.72671502386727959e-04  3.12500000000000000e-01  3.12499999999999334e-01 -6.50521303491302660e-19  3.24505266569564577e-01 -2.83306192506095032e-02 -3.52835885820174122e-04 
 3.94498342403042274e-10 -3.22875588731163121e-01 -5.24738437742251707e-01 -2.01862849011088565e-04  1.89601337270363379e-01 -1.69658917624472910e-01 -3.59260254894836276e-04  3.81905426835161710e-01 -3.34416606185264365e-02 -4.15347087453688164e-04  3.12500000000000000e-01  3.12499999999999334e-01 -6.50521303491302660e-19  3.38331491558935826e-01 -2.38817258497488333e-02 -3.62213217408684706e-04 
 4.19385547383910633e-10 -2.44526980458059012e-01 -5.18813425204630474e-01 -2.74286444746571489e-04  2.48544717488209499e-01 -1.60103371444791670e-01 -4.08648088933001162e-04  4.77062387056129023e-01 -2.20623369085292294e-02 -4.99124723964658283e-04  3.12500000000000000e-01  3.12499999999999334e-01 -6.50521303491302660e-19  3.65983941537678437e-01 -1.46381781984708647e-02 -3.80622119736149329e-04 
 4.42686745388201523e-10 -1.71171357111217337e-01 -5.11651031668515888e-01 -3.40479674557298559e-04  3.03731765393109032e-01 -1.50055483162432640e-01 -4.53787248555541692e-04  5.66155202954888193e-01 -9.54004046898638755e-03 -5.75695243423874573e-04  3.12500000000000000e-01  3.12499999999999334e-01 -6.50521303491302660e-19  3.91874161542446142e-01 -5.57320264546537925e-03 -3.97447364187911536e-04 
 4.63223256134357496e-10 -1.06519378836281819e-01 -5.04072720187405343e-01 -3.97553341351123508e-04  3.52370869791899410e-01 -1.40336633342799194e-01 -4.92707503134698615e-04  6.44677155807837576e-01  2.96065422294811229e-03 -6.41716501584889474e-04  3.12500000000000000e-01  3.12499999999999334e-01 -6.50521303491302660e-19  4.14692506815952822e-01  2.73794305022427445e-03 -4.11954563765728565e-04 
 4.83842103304932622e-10 -4.16081932992860559e-02 -4.95296905285936229e-01 -4.53688711986650244e-04  4.01204981511682657e-01 -1.29782923755272617e-01 -5.30987905266955273e-04  7.23513924401213315e-01  1.68615600114941991e-02 -7.06652364389719133e-04  3.12500000000000000e-01  3.12499999999999334e-01 -6.50521303491302660e-19  4.37602337005480679e-01  1.13790733132841035e-02 -4.26223263692196593e-04 
 5.00000000000000031e-10  9.25925925925946691e-03 -4.87617337257579109e-01 -4.96876596516838574e-04  4.39473684210526627e-01 -1.20965341951153452e-01 -5.60439026161680060e-04  7.85294117647059253e-01  2.86831885781882075e-02 -7.56610929068871106e-04  3.12500000000000000e-01  3.12499999999999389e-01 -5.96311194867027439e-19  4.55555555555555602e-01  1.83546327182671186e-02 -4.37200922837288522e-04 
 5.00454330104907821e-10  1.06895577376728834e-02 -4.87391044245427674e-01 -4.98080601983100549e-04  4.40549729195834516e-01 -1.20710344602943914e-01 -5.61260073798778452e-04  7.87031262165824308e-01  2.90275724740463939e-02 -7.58003689691777905e-04  3.12500000000000000e-01  3.12499999999999445e-01 -5.42101086242752217e-19  4.56060366783230919e-01  1.85534053019748013e-02 -4.37506961481256152e-04 
 5.01362990314723503e-10  1.35501546945000495e-02 -4.86937364686091001e-01 -5.00487519380591033e-04  4.42701819166450627e-01 -1.20199604192007162e-01 -5.62901423358457866e-04  7.90505551203354861e-01  2.97176052372080009e-02 -7.60787945966146959e-04  3.12500000000000000e-01  3.12499999999999556e-01 -4.33680868994201774e-19  4.57069989238581664e-01  1.89512284282435349e-02 -4.38118760810338160e-04 
 5.03180310734354765e-10  1.92713486081540486e-02 -4.86023450313713468e-01 -5.05294798921867563e-04  4.47005999107682517e-01 -1.19173653144943562e-01 -5.66179652252626138e-04  7.97454129278415524e-01  3.11052537018881893e-02 -7.66348875576527326e-04  3.12500000000000000e-01  3.12499999999999667e-01 -3.25260651745651330e-19  4.59089234149283043e-01  1.97485409198560370e-02 -4.39340693229427019e-04 
 5.06814951573617289e-10  3.07137364354619913e-02 -4.84169460011071973e-01 -5.14883196446534004e-04  4.55614358990146406e-01 -1.17103910695529528e-01 -5.72718269685675973e-04  8.11351285428537072e-01  3.39108136065248353e-02 -7.77440471822012243e-04  3.12500000000000000e-01  3.12499999999999833e-01 -1.62630325872825665e-19  4.63127723970685912e-01  2.13498157463948568e-02 -4.41777908224291098e-04 
 5.14084233252142439e-10  5.35985120900782097e-02 -4.80357306891783742e-01 -5.33955818981861948e-04  4.72831078755074297e-01 -1.12893387417830920e-01 -5.85724466172905214e-04  8.39145597728780168e-01  3.96424373333972430e-02 -7.99503160395382976e-04  3.12500000000000000e-01  3.12499999999999944e-01 -5.42101086242752217e-20  4.71204703613491649e-01  2.45788443614191887e-02 -4.46625859252072462e-04 
 5.28622796609192741e-10  9.93680633993106466e-02 -4.72320069568900769e-01 -5.71688132968211412e-04  5.07264518284930244e-01 -1.04190750703123780e-01 -6.11455268988054059e-04  8.94734222329266582e-01  5.15833521817780430e-02 -8.43150870147488653e-04  3.12500000000000000e-01  3.12499999999999944e-01 -5.42101086242752217e-20  4.87358662899103123e-01  3.11418619696675336e-02 -4.56216800929435578e-04 
 5.29999999999999928e-10  1.03703703703703631e-01 -4.71530297043128599e-01 -5.75234000746832272e-04  5.10526315789473717e-01 -1.03346987370915896e-01 -6.13873303160389610e-04  9.00000000000000022e-01  5.27473669000304152e-02 -8.47252633099969637e-04  3.12500000000000000e-01  3.12499999999999944e-01 -5.42101086242752217e-20  4.88888888888888817e-01  3.17707859329542791e-02 -4.57118102955934586e-04 
 5.31323118431059363e-10  1.07869076542224107e-01 -4.70764696033799834e-01 -5.78633772576023935e-04  5.13660017336719621e-01 -1.02531692762217963e-01 -6.16191710098937533e-04  9.00000000000000022e-01  5.38669011981845330e-02 -8.46133098801815577e-04  3.12500000000000000e-01  3.12499999999999944e-01 -5.42101086242752217e-20  4.90359020478954855e-01  3.23767507151771702e-02 -4.57982269763777729e-04 
 5.33969355293178233e-10  1.16199822219264948e-01 -4.69224509301445381e-01 -5.85424331520710377e-04  5.19927420431211873e-01 -1.00894976597596706e-01 -6.20822397028808525e-04  9.00000000000000022e-01  5.61030111561934483e-02 -8.43896988843806655e-04  3.12500000000000000e-01  3.12499999999999944e-01 -5.42101086242752217e-20  4.93299283659086929e-01  3.35909640479888777e-02 -4.59708319611098083e-04 
 5.39261829017415974e-10  1.32861313573346740e-01 -4.66090369832138363e-01 -5.98951683405485108e-04  5.32462226620195933e-01 -9.75848796083766956e-02 -6.30047106228572712e-04  9.00000000000000022e-01  6.05575260939814203e-02 -8.39442473906018625e-04  3.12500000000000000e-01  3.12499999999999944e-01 -5.42101086242752217e-20  4.99179810019351078e-01  3.60330571591558207e-02 -4.63146752860195247e-04 
 5.49846776465891456e-10  1.66184296281510324e-01 -4.59608442160602981e-01 -6.25792738442113245e-04  5.57531838998164053e-01 -9.08189921158711888e-02 -6.48350831114035244e-04  9.00000000000000022e-01  6.93962021057456108e-02 -8.30603797894254427e-04  3.12500000000000000e-01  3.12499999999999944e-01 -5.42101086242752217e-20  5.10940862739879376e-01  4.09715494210722980e-02 -4.69969313318807083e-04 
 5.71016671362842524e-10  2.32830261697837715e-01 -4.45801180755305781e-01 -6.78631442453143528e-04  6.07671063754100960e-01 -7.67120731021079527e-02 -6.84383136856208979e-04  9.00000000000000022e-01  8.67958231339682196e-02 -8.13204176866031900e-04  3.12500000000000000e-01  3.12500000000000000e-01  0.00000000000000000e+00  5.34462968180936193e-01  5.10629140742574067e-02 -4.83400054106678813e-04 
 6.08016671362842500e-10  3.49311743179319123e-01 -4.19032137281399264e-01 -7.68343880460718330e-04  6.95302642701469242e-01 -5.02581111244879281e-02 -7.45560753825957206e-04  9.00000000000000022e-01  1.16337850177702304e-01 -7.83662149822297763e-04  3.12500000000000000e-01  3.12500000000000000e-01  0.00000000000000000e+00  5.75574079292047291e-01  6.93705798155462294e-02 -5.06203499476501166e-04 
 6.09999999999999961e-10  3.55555555555555625e-01 -4.17503582906983584e-01 -7.73059138462539163e-04  7.00000000000000178e-01 -4.87762304572417413e-02 -7.48776230457241982e-04  9.00000000000000022e-01  1.17890569984472129e-01 -7.82109430015527976e-04  3.12500000000000000e-01  3.12500000000000000e-01  0.00000000000000000e+00  5.77777777777777724e-01  7.03757362636603240e-02 -5.07402041514117452e-04 
 6.10644666738564045e-10  3.57585061954738825e-01 -4.17004230953797628e-01 -7.74589292908536408e-04  6.98982105149635768e-01 -4.82944860943591986e-02 -7.47276591243994904e-04  9.00000000000000022e-01  1.18394445088400579e-01 -7.81605554911599522e-04  3.12500000000000000e-01  3.12500000000000000e-01  0.00000000000000000e+00  5.78494074153960036e-01  7.07030922198560313e-02 -5.07790981934103948e-04 
 6.11934000215692213e-10  3.61644074753105338e-01 -4.16003555439103556e-01 -7.77647630192208981e-04  6.96946315448907061e-01 -4.73329296579526812e-02 -7.44279245106859756e-04  9.00000000000000022e-01  1.19401546051763979e-01 -7.80598453948236066e-04  3.12500000000000000e-01  3.12500000000000000e-01  0.00000000000000000e+00  5.79926666906324662e-01  7.13583052830762815e-02 -5.08568361623248423e-04 
 6.14512667169948445e-10  3.69762100349837808e-01 -4.13990389992506425e-01 -7.83752490342344175e-04  6.92874736047449868e-01 -4.54213955923473620e-02 -7.38296131639797201e-04  9.00000000000000022e-01  1.21411857527618600e-01 -7.78588142472381528e-04  3.12500000000000000e-01  3.12500000000000000e-01  0.00000000000000000e+00  5.82791852411053801e-01  7.26717344425786699e-02 -5.10120117968475132e-04 
 6.19670001078461013e-10  3.85998151543303414e-01 -4.09916953365921821e-01 -7.95915104909225308e-04  6.84731577244535261e-01 -4.16444937845074706e-02 -7.26376071029042822e-04  9.00000000000000022e-01  1.25416968707708992e-01 -7.74583031292291153e-04  3.12500000000000000e-01  3.12500000000000000e-01  0.00000000000000000e+00  5.88522223420512303e-01  7.53105662743073223e-02 -5.13211657146205036e-04 
 6.29984668895486149e-10  4.18470253930234404e-01 -4.01582865646700538e-01 -8.20053119576935000e-04  6.68445259638706046e-01 -3.42741710947648964e-02 -7.02719430733471004e-04  9.00000000000000022e-01  1.33365541926010273e-01 -7.66634458073989743e-04  3.12500000000000000e-01  3.12500000000000000e-01  0.00000000000000000e+00  5.99982965439429083e-01  8.06358168158371469e-02 -5.19347148623592030e-04 
 6.50614004529536420e-10  4.83414458704096273e-01 -3.84175389044994098e-01 -8.67589847749090318e-04  6.35872624427047728e-01 -2.02580833033910793e-02 -6.56130707730438810e-04  9.00000000000000022e-01  1.49019238787017172e-01 -7.50980761212982888e-04  3.12500000000000000e-01  3.12500000000000000e-01  0.00000000000000000e+00  6.22904449477262756e-01  9.14742362529483155e-02 -5.31430213224314452e-04 
 6.75305348618705451e-10  5.61146467873702592e-01 -3.62066722045495615e-01 -9.23213189919198192e-04  5.96886291654675549e-01 -4.73034704936454910e-03 -6.01616638704040091e-04  9.00000000000000022e-01  1.67335832507426979e-01 -7.32664167492573038e-04  3.12500000000000000e-01  3.12499999999999944e-01 -5.42101086242752217e-20  6.50339276243006137e-01  1.04770512415977221e-01 -5.45568763827028935e-04 
 6.99619817090445273e-10  6.37692016766216674e-01 -3.38969500214903741e-01 -9.76661516981120435e-04  5.58495025646665311e-01  9.26081628116635566e-03 -5.49234209365499011e-04  9.00000000000000022e-01  1.84936200511831572e-01 -7.15063799488168533e-04  3.12500000000000000e-01  3.12499999999999889e-01 -1.08420217248550443e-19  6.77355352322717041e-01  1.18200891424764365e-01 -5.59154460897952690e-04 
 7.24318384728783999e-10  7.15446766738764617e-01 -3.14193114817568286e-01 -1.02963988155633287e-03  5.19497287270340946e-01  2.21849170227888248e-02 -4.97312370247552098e-04  9.00000000000000022e-01  2.02381811329827410e-01 -6.97618188670172694e-04  3.12500000000000000e-01  3.12499999999999889e-01 -1.08420217248550443e-19  7.04798205254204446e-01  1.32177504120183559e-01 -5.72620701134020881e-04 
 7.54248544730511471e-10  8.09671344521980862e-01 -2.82440924147435324e-01 -1.09211226866941626e-03  4.72239139899192306e-01  3.61532959705981941e-02 -4.36085843928594118e-04  9.00000000000000022e-01  2.22953774265730431e-01 -6.77046225734269651e-04  3.12500000000000000e-01  3.12499999999999889e-01 -1.08420217248550443e-19  7.38053938589457226e-01  1.49553770814084996e-01 -5.88500167775372202e-04 
 7.88994957187100932e-10  9.19058198551984673e-01 -2.43273995565206486e-01 -1.16233219411719115e-03  4.17376383388787908e-01  5.01100981839725582e-02 -3.67266285204815321e-04  9.00000000000000022e-01  2.46076977498842830e-01 -6.53923022501157235e-04  3.12500000000000000e-01  3.12499999999999944e-01 -5.42101086242752217e-20  7.76661063541223329e-01  1.70312130651629895e-01 -6.06348932889593526e-04 
 8.25994957187100908e-10  1.03553968003346597e+00 -1.98933103479056766e-01 -1.23447278351252279e-03  3.58955330757208979e-01  6.23909652226509667e-02 -2.96564365534558055e-04  9.00000000000000022e-01  2.69832649401192115e-01 -6.30167350598807960e-04  3.12500000000000000e-01  3.12500000000000000e-01  0.00000000000000000e+00  8.17772174652334316e-01  1.93086275052680972e-01 -6.24685899599653274e-04 
 8.62994957187100883e-10  1.15202116151494760e+00 -1.51971492877809089e-01 -1.30399265439275691e-03  3.00534278125630050e-01  7.21033776439513330e-02 -2.28430900481678704e-04  9.00000000000000022e-01  2.92725326840716782e-01 -6.07274673159283293e-04  3.12500000000000000e-01  3.12499999999999944e-01 -5.42101086242752217e-20  8.58883285763445414e-01  2.16526563556110219e-01 -6.42356722207335128e-04 
 8.99994957187100859e-10  1.26850264299642879e+00 -1.02484369048708016e-01 -1.37098701204513675e-03  2.42113225494051121e-01  7.93406420957312730e-02 -1.62772583398319853e-04  9.00000000000000022e-01  3.14786360622644590e-01 -5.85213639377355540e-04  3.12500000000000000e-01  3.12499999999999889e-01 -1.08420217248550443e-19  8.99994396874556513e-01  2.40608796523441526e-01 -6.59385600351115029e-04 
 8.99999999999999994e-10  1.26851851851851860e+00 -1.02477455395122610e-01 -1.37099597391364121e-03  2.42105263157894601e-01  7.93414629052685699e-02 -1.62763800252626060e-04  9.00000000000000022e-01  3.14789311738093047e-01 -5.85210688261906956e-04  3.12500000000000000e-01  3.12499999999999889e-01 -1.08420217248550443e-19  9.00000000000000022e-01  2.40612121687396152e-01 -6.59387878312603956e-04 
 9.00010085625798264e-10  1.26855026956269867e+00 -1.02463627861988954e-01 -1.37101389742468765e-03  2.42089338485581562e-01  7.93431043028866162e-02 -1.62746234182694954e-04  9.00000000000000022e-01  3.14795213894581039e-01 -5.85204786105419017e-04  3.12500000000000000e-01  3.12499999999999833e-01 -1.62630325872825665e-19  9.00000000000000022e-01  2.40618771959720562e-01 -6.59381228040279484e-04 
 9.00030256877394804e-10  1.26861377165105793e+00 -1.02435972434185618e-01 -1.37104974408524356e-03  2.42057489140955373e-01  7.93463867437966680e-02 -1.62711102397158740e-04  9.00000000000000022e-01  3.14807018088504365e-01 -5.85192981911495692e-04  3.12500000000000000e-01  3.12499999999999778e-01 -2.16840434497100887e-19  9.00000000000000022e-01  2.40632072370226435e-01 -6.59367927629773672e-04 
 9.00070599380587884e-10  1.26874077582777689e+00 -1.02380659409406716e-01 -1.37112143523718364e-03  2.41993790451703217e-01  7.93529494997033819e-02 -1.62640840951999851e-04  9.00000000000000022e-01  3.14830625762049343e-01 -5.85169374237950709e-04  3.12500000000000000e-01  3.12499999999999722e-01 -2.71050543121376109e-19  9.00000000000000022e-01  2.40658672386396572e-01 -6.59341327613603484e-04 
 9.00151284386974044e-10  1.26899478418121481e+00 -1.02270024683597360e-01 -1.37126480886481223e-03  2.41866393073198738e-01  7.93660665082921019e-02 -1.62500326564906646e-04  9.00000000000000022e-01  3.14877838252076603e-01 -5.85122161747923418e-04  3.12500000000000000e-01  3.12499999999999667e-01 -3.25260651745651330e-19  9.00000000000000022e-01  2.40711869199533163e-01 -6.59288130800466873e-04 
 9.00312654399746364e-10  1.26950280088809064e+00 -1.02048720530472398e-01 -1.37155152141856321e-03  2.41611598316189780e-01  7.93922665160009672e-02 -1.62219331800188792e-04  9.00000000000000022e-01  3.14972251805033077e-01 -5.85027748194967036e-04  3.12500000000000000e-01  3.12499999999999722e-01 -2.71050543121376109e-19  9.00000000000000022e-01  2.40818249950289526e-01 -6.59181750049710495e-04 
 9.00635394425291004e-10  1.27051883430184231e+00 -1.01605973446191725e-01 -1.37212480774803400e-03  2.41102008802171974e-01  7.94445305209804248e-02 -1.61657478281191562e-04  9.00000000000000022e-01  3.15161033211771802e-01 -5.84838966788228318e-04  3.12500000000000000e-01  3.12499999999999833e-01 -1.62630325872825665e-19  9.00000000000000022e-01  2.41030959960122193e-01 -6.58969040039877906e-04 
 9.01280874476380283e-10  1.27255090112934566e+00 -1.00719924389381085e-01 -1.37327082551872673e-03  2.40082829774136253e-01  7.95485147085953775e-02 -1.60534315065540868e-04  9.00000000000000022e-01  3.15538413302273169e-01 -5.84461586697726954e-04  3.12500000000000000e-01  3.12499999999999778e-01 -2.16840434497100887e-19  9.00000000000000022e-01  2.41456174096132181e-01 -6.58543825903867906e-04 
 9.02571834578558842e-10  1.27661503478435234e+00 -9.89456085124542639e-02 -1.37556064329680651e-03  2.38044471718064810e-01  7.97543095484496145e-02 -1.58290162169615197e-04  9.00000000000000022e-01  3.16292443180711591e-01 -5.83707556819288527e-04  3.12500000000000000e-01  3.12499999999999833e-01 -1.62630325872825665e-19  9.00000000000000022e-01  2.42305779497572232e-01 -6.57694220502427849e-04 
 9.05153754782915960e-10  1.28474330209436527e+00 -9.53881200021414882e-02 -1.38013142209650677e-03  2.33967755605922034e-01  8.01572190983039640e-02 -1.53810536507618056e-04  9.00000000000000022e-01  3.17797586435209611e-01 -5.82202413564790466e-04  3.12500000000000000e-01  3.12499999999999833e-01 -1.62630325872825665e-19  9.00000000000000022e-01  2.44001704122748964e-01 -6.55998295877251170e-04 
 9.09999999999999959e-10  1.30000000000000027e+00 -8.86789529835194101e-02 -1.38867895298351975e-03  2.26315789473684137e-01  8.08823240049633824e-02 -1.45433465468720766e-04  9.00000000000000022e-01  3.20612261793825626e-01 -5.79387738206174467e-04  3.12500000000000000e-01  3.12499999999999778e-01 -2.16840434497100887e-19  9.00000000000000022e-01  2.47173147929369730e-01 -6.52826852070630429e-04 
 9.10516384040871362e-10  1.29926230851304081e+00 -8.79626121733778216e-02 -1.38722492068641865e-03  2.25500446251255593e-01  8.09569639524344714e-02 -1.44543482298821122e-04  9.00000000000000022e-01  3.20911293959873667e-01 -5.79088706040126384e-04  3.12500000000000000e-01  3.12499999999999778e-01 -2.16840434497100887e-19  9.00000000000000022e-01  2.47510083309178397e-01 -6.52489916690821687e-04 
 9.11549152122614168e-10  1.29778692553912256e+00 -8.65314314561984876e-02 -1.38431835699532094e-03  2.23869759806398561e-01  8.11053251755529531e-02 -1.42764434630845614e-04  9.00000000000000022e-01  3.21509049620486154e-01 -5.78490950379513882e-04  3.12500000000000000e-01  3.12499999999999778e-01 -2.16840434497100887e-19  9.00000000000000022e-01  2.48183606272286444e-01 -6.51816393727713567e-04 
 9.13614688286099884e-10  1.29483615959128584e+00 -8.36780661495494515e-02 -1.37851422574083527e-03  2.20608386916684274e-01  8.13965412776242875e-02 -1.39211845639060003e-04  9.00000000000000022e-01  3.22702710823553285e-01 -5.77297289176446730e-04  3.12500000000000000e-01  3.12499999999999778e-01 -2.16840434497100887e-19  9.00000000000000022e-01  2.49528567572381954e-01 -6.50471432427618141e-04 
 9.17745760613071314e-10  1.28893462769561240e+00 -7.80072273294657448e-02 -1.36694185502507807e-03  2.14085641137255700e-01  8.19570048556490793e-02 -1.32128636281606633e-04  9.00000000000000022e-01  3.25082651825099989e-01 -5.74917348174900028e-04  3.12500000000000000e-01  3.12499999999999778e-01 -2.16840434497100887e-19  9.00000000000000022e-01  2.52210173153066097e-01 -6.47789826846933980e-04 
 9.26007905267014072e-10  1.27713156390426552e+00 -6.68083785541910558e-02 -1.34393994245845649e-03  2.01040149578398664e-01  8.29905094102998953e-02 -1.18049640168098769e-04  9.00000000000000022e-01  3.29813160048169240e-01 -5.70186839951830832e-04  3.12500000000000000e-01  3.12499999999999778e-01 -2.16840434497100887e-19  9.00000000000000022e-01  2.57540287320690564e-01 -6.42459712679309511e-04 
 9.42532194574899690e-10  1.25352543632157198e+00 -4.49761444496822871e-02 -1.29850158077125430e-03  1.74949166460684591e-01  8.47114100107512619e-02 -9.02377564499333423e-05  9.00000000000000022e-01  3.39157884882747784e-01 -5.60842115117252300e-04  3.12500000000000000e-01  3.12499999999999778e-01 -2.16840434497100887e-19  9.00000000000000022e-01  2.68069483737776948e-01 -6.31930516262223132e-04 
 9.75580773190670721e-10  1.20631318115618469e+00 -3.52757007249898105e-03 -1.20984075122868365e-03  1.22767200225256556e-01  8.67969083148412840e-02 -3.59702919104152831e-05  9.00000000000000022e-01  3.57391620099353158e-01 -5.42608379900646944e-04  3.12500000000000000e-01  3.12499999999999778e-01 -2.16840434497100887e-19  9.00000000000000022e-01  2.88614398961215712e-01 -6.11385601038784378e-04 
 1.00736195309332909e-09  1.16091149558095852e+00  3.36109834026331114e-02 -1.12730051217832549e-03  7.25863898526379892e-02  8.71372753196345134e-02  1.45508854669965202e-05  9.00000000000000022e-01  3.74366612001914845e-01 -5.25633387998085226e-04  3.12500000000000000e-01  3.12499999999999722e-01 -2.71050543121376109e-19  9.00000000000000022e-01  3.07741021423029615e-01 -5.92258978576970453e-04 
 1.04057040291281021e-09  1.11347085298169968e+00  6.96605949354028586e-02 -1.04381025804629684e-03  2.01519954008257951e-02  8.58055428762995176e-02  6.56535474754737179e-05  9.00000000000000022e-01  3.91536981316805366e-01 -5.08463018683194762e-04  3.12500000000000000e-01  3.12499999999999722e-01 -2.71050543121376109e-19  9.00000000000000022e-01  3.27087785963533773e-01 -5.72912214036466359e-04 
 1.07757040291281019e-09  1.06061371012455696e+00  1.06619968921515595e-01 -9.53993741203041420e-04 -3.82690572307531340e-02  8.23593271371962088e-02  1.20628384367949345e-04  9.00000000000000022e-01  4.10008391912071168e-01 -4.89991608087928920e-04  3.12500000000000000e-01  3.12499999999999833e-01 -1.62630325872825665e-19  9.00000000000000022e-01  3.47900502624652386e-01 -5.52099497375347628e-04 
 1.11457040291281016e-09  1.00775656726741425e+00  1.40316494480332815e-01 -8.67440072787081513e-04 -9.66901098623320632e-02  7.69159891938497875e-02  1.73606099056181854e-04  9.00000000000000022e-01  4.27808774336473074e-01 -4.72191225663526988e-04  3.12500000000000000e-01  3.12499999999999889e-01 -1.08420217248550443e-19  9.00000000000000022e-01  3.67957136304463694e-01 -5.32042863695536355e-04 
 1.15157040291281014e-09  9.54899424410271314e-01  1.70868704151677764e-01 -7.84030720258593558e-04 -1.55111162493910992e-01  6.95480803683584115e-02  2.24659242862269403e-04  9.00000000000000022e-01  4.44962505656601282e-01 -4.55037494343398777e-04  3.12500000000000000e-01  3.12499999999999889e-01 -1.08420217248550443e-19  9.00000000000000022e-01  3.87285153935032989e-01 -5.12714846064967053e-04 
 1.18857040291281012e-09  9.02042281553128600e-01  1.98390824433180818e-01 -7.03651457119947813e-04 -2.13532215125489921e-01  6.03255163432349847e-02  2.73857731468724909e-04  9.00000000000000022e-01  4.61493077370598137e-01 -4.38506922629401934e-04  3.12500000000000000e-01  3.12499999999999889e-01 -1.08420217248550443e-19  9.00000000000000022e-01  4.05911024631551154e-01 -4.94088975368448934e-04 
 1.22557040291281009e-09  8.49185138695985775e-01  2.22992932209892580e-01 -6.26192206486093222e-04 -2.71953267757068851e-01  4.93156729087460000e-02  3.21268940665814869e-04  9.00000000000000022e-01  4.77423127579029938e-01 -4.22576872420970130e-04  3.12500000000000000e-01  3.12499999999999889e-01 -1.08420217248550443e-19  9.00000000000000022e-01  4.23860255940959718e-01 -4.76139744059040336e-04 
 1.26257040291281007e-09  7.96327995838842950e-01  2.44781105501132940e-01 -5.51546890337710006e-04 -3.30374320388647891e-01  3.65834782319474153e-02  3.66957798620595277e-04  9.00000000000000022e-01  4.92774471987057261e-01 -4.07225528012942822e-04  3.12500000000000000e-01  3.12499999999999889e-01 -1.08420217248550443e-19  9.00000000000000022e-01  4.41157428773737814e-01 -4.58842571226262251e-04 
 1.29957040291281004e-09  7.43470852981700125e-01  2.63857568731018177e-01 -4.79613284250681956e-04 -3.88795373020226820e-01  2.21915017737773258e-02  4.10986874794004174e-04  9.00000000000000022e-01  5.07568133780359920e-01 -3.92431866219640122e-04  3.12500000000000000e-01  3.12499999999999889e-01 -1.08420217248550443e-19  9.00000000000000022e-01  4.57826231066689848e-01 -4.42173768933310223e-04 
 1.33255993110094523e-09  6.96342955570078526e-01  2.78658286788377063e-01 -4.17684668781701494e-04 -4.40884101738335032e-01  8.00800089171938706e-03  4.48892102630054409e-04  9.00000000000000022e-01  5.20304197525964351e-01 -3.79695802474035670e-04  3.12500000000000000e-01  3.12499999999999889e-01 -1.08420217248550443e-19  9.00000000000000022e-01  4.72176628658043829e-01 -4.27823371341956235e-04 
 1.36242100323359299e-09  6.53684281094867425e-01  2.90319769741949618e-01 -3.63364511352917772e-04 -4.88033163000410330e-01 -5.89281272529913747e-03  4.82140350275111205e-04  9.00000000000000022e-01  5.31475527329563491e-01 -3.68524472670436602e-04  3.12500000000000000e-01  3.12499999999999889e-01 -1.08420217248550443e-19  9.00000000000000022e-01  4.84763957640369225e-01 -4.15236042359630865e-04 
 1.36999999999999982e-09  6.42857142857143349e-01  2.93022437022384286e-01 -3.49834705834759061e-04 -5.00000000000000111e-01 -9.57833491008994002e-03  4.90421665089910228e-04  9.00000000000000022e-01  5.34258028831332221e-01 -3.65741971168667885e-04  3.12500000000000000e-01  3.12499999999999778e-01 -2.16840434497100887e-19  9.00000000000000022e-01  4.87899149458383030e-01 -4.12100850541617051e-04 
 1.37087401775361358e-09  6.41608546066266494e-01  2.93326841415507911e-01 -3.48281704650758622e-04 -5.00000000000000000e-01 -1.00065978427289915e-02  4.89993402157271008e-04  9.00000000000000022e-01  5.34577414658492178e-01 -3.65422585341507915e-04  3.12500000000000000e-01  3.12499999999999833e-01 -1.62630325872825665e-19  9.00000000000000022e-01  4.88259018386203891e-01 -4.11740981613796173e-04 
 1.37262205326084109e-09  6.39111352484513007e-01  2.93932937871167865e-01 -3.45178414613345089e-04 -5.00000000000000000e-01 -1.08623757429291701e-02  4.89137624257070789e-04  9.00000000000000022e-01  5.35215628502581753e-01 -3.64784371497418273e-04  3.12500000000000000e-01  3.12499999999999889e-01 -1.08420217248550443e-19  9.00000000000000022e-01  4.88978127727514533e-01 -4.11021872272485491e-04 
 1.37611812427529613e-09  6.34116965321005810e-01  2.95128885196824342e-01 -3.38988080124181515e-04 -5.00000000000000000e-01 -1.25694515839899663e-02  4.87430548416010047e-04  9.00000000000000022e-01  5.36488715169602282e-01 -3.63511284830397830e-04  3.12500000000000000e-01  3.12499999999999889e-01 -1.08420217248550443e-19  9.00000000000000022e-01  4.90412581904638212e-01 -4.09587418095361819e-04 
 1.38311026630420599e-09  6.24128190993991749e-01  2.97456080494739428e-01 -3.26672110499252291e-04 -5.00000000000000000e-01 -1.59657614672053284e-02  4.84034238532794693e-04  9.00000000000000022e-01  5.39021582617779105e-01 -3.60978417382220988e-04  3.12500000000000000e-01  3.12499999999999889e-01 -1.08420217248550443e-19  9.00000000000000022e-01  4.93266497812532290e-01 -4.06733502187467768e-04 
 1.39709455036202571e-09  6.04150642339963517e-01  3.01853919906363510e-01 -3.02296722433600051e-04 -5.00000000000000000e-01 -2.26876334688229583e-02  4.77312366531177073e-04  9.00000000000000022e-01  5.44034555923851082e-01 -3.55965444076148979e-04  3.12500000000000000e-01  3.12499999999999889e-01 -1.08420217248550443e-19  9.00000000000000022e-01  4.98914880350017798e-01 -4.01085119649982223e-04 
 1.40000000000000013e-09  6.00000000000000089e-01  3.02724932726036233e-01 -2.97275067273963800e-04 -5.00000000000000000e-01 -2.40724287848368863e-02  4.75927571215163127e-04  9.00000000000000022e-01  5.45067295308338085e-01 -3.54932704691661980e-04  3.12500000000000000e-01  3.12499999999999833e-01 -1.62630325872825665e-19  9.00000000000000022e-01  5.00078522513849988e-01 -3.99921477486150033e-04 
 1.40153835554640999e-09  6.00000000000000089e-01  3.03181545042496836e-01 -2.96818454957503220e-04 -5.00000000000000000e-01 -2.48034500331132425e-02  4.75196549966886751e-04  9.00000000000000022e-01  5.45612469331720029e-01 -3.54387530668279997e-04  3.12500000000000000e-01  3.12499999999999778e-01 -2.16840434497100887e-19  9.00000000000000022e-01  5.00692798961289265e-01 -3.99307201038710856e-04 
 1.40461506663922950e-09  6.00000000000000089e-01  3.04093366969099943e-01 -2.95906633030900128e-04 -5.00000000000000000e-01 -2.62632468431466086e-02  4.73736753156853391e-04  9.00000000000000022e-01  5.46701142611905389e-01 -3.53298857388094703e-04  3.12500000000000000e-01  3.12499999999999722e-01 -2.71050543121376109e-19  9.00000000000000022e-01  5.01919464807958793e-01 -3.98080535192041275e-04 
 1.41076848882486873e-09  6.00000000000000089e-01  3.05908620399305053e-01 -2.94091379600695021e-04 -5.00000000000000000e-01 -2.91694076729121961e-02  4.70830592327087813e-04  9.00000000000000022e-01  5.48868471394610813e-01 -3.51131528605389247e-04  3.12500000000000000e-01  3.12499999999999722e-01 -2.71050543121376109e-19  9.00000000000000022e-01  5.04361508940608494e-01 -3.95638491059391631e-04 
 1.42307533319614699e-09  6.00000000000000089e-01  3.09505822138000375e-01 -2.90494177861999679e-04 -5.00000000000000000e-01 -3.49284089318048635e-02  4.65071591068195154e-04  9.00000000000000022e-01  5.53163364182441053e-01 -3.46836635817558974e-04  3.12500000000000000e-01  3.12499999999999778e-01 -2.16840434497100887e-19  9.00000000000000022e-01  5.09200792124855472e-01 -3.90799207875144558e-04 
 1.44768902193870370e-09  6.00000000000000089e-01  3.16569029618199715e-01 -2.83430970381800347e-04 -5.00000000000000000e-01 -4.62363709881788987e-02  4.53763629011821130e-04  9.00000000000000022e-01  5.61596507794969724e-01 -3.38403492205030347e-04  3.12500000000000000e-01  3.12499999999999833e-01 -1.62630325872825665e-19  9.00000000000000022e-01  5.18702861696903716e-01 -3.81297138303096357e-04 
 1.48468902193870368e-09  6.00000000000000089e-01  3.26865490987003460e-01 -2.73134509012996592e-04 -5.00000000000000000e-01 -6.27206658074595941e-02  4.37279334192540448e-04  9.00000000000000022e-01  5.73890007266335433e-01 -3.26109992733664687e-04  3.12500000000000000e-01  3.12499999999999833e-01 -1.62630325872825665e-19  9.00000000000000022e-01  5.32554598679932156e-01 -3.67445401320067879e-04 
 1.52168902193870365e-09  6.00000000000000089e-01  3.36787903194643023e-01 -2.63212096805357052e-04 -5.00000000000000000e-01 -7.86061202651169161e-02  4.21393879734883081e-04  9.00000000000000022e-01  5.85736909309679032e-01 -3.14263090690320985e-04  3.12500000000000000e-01  3.12499999999999833e-01 -1.62630325872825665e-19  9.00000000000000022e-01  5.45903130686650417e-01 -3.54096869313349637e-04 
 1.55868902193870363e-09  6.00000000000000089e-01  3.46349854674071811e-01 -2.53650145325928225e-04 -5.00000000000000000e-01 -9.39144889938264421e-02  4.06085511006173559e-04  9.00000000000000022e-01  5.97153437886548510e-01 -3.02846562113451550e-04  3.12500000000000000e-01  3.12499999999999833e-01 -1.62630325872825665e-19  9.00000000000000022e-01  5.58766738113841366e-01 -3.41233261886158732e-04 
 1.59568902193870360e-09  6.00000000000000089e-01  3.55564440218558042e-01 -2.44435559781441998e-04 -5.00000000000000000e-01 -1.08666736325420385e-01  3.91333263674579622e-04  9.00000000000000022e-01  6.08155227575500335e-01 -2.91844772424499775e-04  3.12500000000000000e-01  3.12499999999999833e-01 -1.62630325872825665e-19  9.00000000000000022e-01  5.71163037269253993e-01 -3.28836962730746029e-04 
 1.63268902193870358e-09  6.00000000000000089e-01  3.64444278914594633e-01 -2.35555721085405393e-04 -5.00000000000000000e-01 -1.22883065000883779e-01  3.77116934999116257e-04  9.00000000000000022e-01  6.18757344983164814e-01 -2.81242655016835275e-04  3.12500000000000000e-01  3.12499999999999833e-01 -1.62630325872825665e-19  9.00000000000000022e-01  5.83109004496585981e-01 -3.16890995503414088e-04 
 1.66968902193870356e-09  6.00000000000000089e-01  3.73001531423342803e-01 -2.26998468576657250e-04 -5.00000000000000000e-01 -1.36582943837375986e-01  3.63417056162624024e-04  9.00000000000000022e-01  6.28974309377492546e-01 -2.71025690622507575e-04  3.12500000000000000e-01  3.12499999999999833e-01 -1.62630325872825665e-19  9.00000000000000022e-01  5.94620999424054109e-01 -3.05379000575945912e-04 
 1.70668902193870353e-09  6.00000000000000089e-01  3.81247916634276818e-01 -2.18752083365723242e-04 -5.00000000000000000e-01 -1.49785134390166469e-01  3.50214865609833545e-04  9.00000000000000022e-01  6.38820112571437226e-01 -2.61179887428562873e-04  3.12500000000000000e-01  3.12499999999999833e-01 -1.62630325872825665e-19  9.00000000000000022e-01  6.05714787368393792e-01 -2.94285212631606257e-04 
 1.74368902193870351e-09  6.00000000000000089e-01  3.89194727713836619e-01 -2.10805272286163450e-04 -5.00000000000000000e-01 -1.62507716645997446e-01  3.37492283354002588e-04  9.00000000000000022e-01  6.48308238084305821e-01 -2.51691761915694232e-04  3.12500000000000000e-01  3.12499999999999833e-01 -1.62630325872825665e-19  9.00000000000000022e-01  6.16405560924966567e-01 -2.83594439075033461e-04 
 1.78068902193870348e-09  6.00000000000000089e-01  3.96852847571065814e-01 -2.03147152428934260e-04 -5.00000000000000000e-01 -1.74768113783059925e-01  3.25231886216940046e-04  9.00000000000000022e-01  6.57451679607016226e-01 -2.42548320392983827e-04  3.12500000000000000e-01  3.12499999999999833e-01 -1.62630325872825665e-19  9.00000000000000022e-01  6.26707960773544070e-01 -2.73292039226456025e-04 
 1.81768902193870346e-09  6.00000000000000089e-01  4.04232763761414871e-01 -1.95767236238585183e-04 -5.00000000000000000e-01 -1.86583116031490692e-01  3.13416883968509349e-04  9.00000000000000022e-01  6.66262958796550064e-01 -2.33737041203449969e-04  3.12500000000000000e-01  3.12499999999999833e-01 -1.62630325872825665e-19  9.00000000000000022e-01  6.36636095728260742e-01 -2.63363904271739376e-04 
 1.85468902193870343e-09  6.00000000000000089e-01  4.11344582849119900e-01 -1.88655417150880166e-04 -5.00000000000000000e-01 -1.97968903667067347e-01  3.02031096332932647e-04  9.00000000000000022e-01  6.74754142423970249e-01 -2.25245857576029831e-04  3.12500000000000000e-01  3.12499999999999833e-01 -1.62630325872825665e-19  9.00000000000000022e-01  6.46203562059192937e-01 -2.53796437940807134e-04 
 1.89168902193870362e-09  6.00000000000000089e-01  4.18198044247826251e-01 -1.81801955752173791e-04 -5.00000000000000000e-01 -2.08941069169589183e-01  2.91058930830410815e-04  9.00000000000000022e-01  6.82936858899485966e-01 -2.17063141100514063e-04  3.12500000000000000e-01  3.12499999999999833e-01 -1.62630325872825665e-19  9.00000000000000022e-01  6.55423462112025401e-01 -2.44576537887974651e-04 
 1.92868902193870380e-09  6.00000000000000089e-01  4.24802533558410744e-01 -1.75197466441589329e-04 -5.00000000000000000e-01 -2.19514638576290416e-01  2.80485361423709560e-04  9.00000000000000022e-01  6.90822314197197196e-01 -2.09177685802802845e-04  3.12500000000000000e-01  3.12499999999999833e-01 -1.62630325872825665e-19  9.00000000000000022e-01  6.64308422251303710e-01 -2.35691577748696327e-04 
 1.96568902193870398e-09  6.00000000000000089e-01  4.31167095422268165e-01 -1.68832904577731892e-04 -5.00000000000000000e-01 -2.29704092059527770e-01  2.70295907940472195e-04  9.00000000000000022e-01  6.98421307201324448e-01 -2.01578692798675633e-04  3.12500000000000000e-01  3.12499999999999833e-01 -1.62630325872825665e-19  9.00000000000000022e-01  6.72870610151845350e-01 -2.27129389848154694e-04 
 2.00268902193870416e-09  6.00000000000000089e-01  4.37300445907664315e-01 -1.62699554092335743e-04 -5.00000000000000000e-01 -2.39523383756923447e-01  2.60476616243076578e-04  9.00000000000000022e-01  7.05744244494943440e-01 -1.94255755505056576e-04  3.12500000000000000e-01  3.12499999999999833e-01 -1.62630325872825665e-19  9.00000000000000022e-01  6.81121751461989389e-01 -2.18878248538010634e-04 
 2.03968902193870435e-09  6.00000000000000089e-01  4.43210984446119172e-01 -1.56789015553880889e-04 -5.00000000000000000e-01 -2.48985960881119600e-01  2.51014039118880423e-04  9.00000000000000022e-01  7.12801154611474530e-01 -1.87198845388525533e-04  3.12500000000000000e-01  3.12499999999999833e-01 -1.62630325872825665e-19  9.00000000000000022e-01  6.89073145861504588e-01 -2.10926854138495453e-04 
 2.07668902193870453e-09  6.00000000000000089e-01  4.48906805335165360e-01 -1.51093194664834692e-04 -5.00000000000000000e-01 -2.58104782135315569e-01  2.41895217864684410e-04  9.00000000000000022e-01  7.19601701768445734e-01 -1.80398298231554378e-04  3.12500000000000000e-01  3.12499999999999833e-01 -1.62630325872825665e-19  9.00000000000000022e-01  6.96735682536147816e-01 -2.03264317463852282e-04 
 2.11368902193870471e-09  6.00000000000000089e-01  4.54395708823234934e-01 -1.45604291176765124e-04 -5.00000000000000000e-01 -2.66892335459805785e-01  2.33107664540194224e-04  9.00000000000000022e-01  7.26155199102336057e-01 -1.73844800897663982e-04  3.12500000000000000e-01  3.12499999999999833e-01 -1.62630325872825665e-19  9.00000000000000022e-01  7.04119855090062807e-01 -1.95880144909937296e-04 
 2.15068902193870489e-09  6.00000000000000089e-01  4.59685211791855786e-01 -1.40314788208144260e-04 -5.00000000000000000e-01 -2.75360655133823684e-01  2.24639344866176308e-04  9.00000000000000022e-01  7.32470621422624091e-01 -1.67529378577375965e-04  3.12500000000000000e-01  3.12499999999999833e-01 -1.62630325872825665e-19  9.00000000000000022e-01  7.11235775916442270e-01 -1.88764224083557818e-04 
 2.18768902193870508e-09  6.00000000000000089e-01  4.64782558049785299e-01 -1.35217441950214736e-04 -5.00000000000000000e-01 -2.83521338256109978e-01  2.16478661743890028e-04  9.00000000000000022e-01  7.38556617502509005e-01 -1.61443382497491084e-04  3.12500000000000000e-01  3.12499999999999833e-01 -1.62630325872825665e-19  9.00000000000000022e-01  7.18093190046134366e-01 -1.81906809953865712e-04 
 2.22468902193870526e-09  6.00000000000000089e-01  4.69694728253180371e-01 -1.30305271746819701e-04 -5.00000000000000000e-01 -2.91385560626776619e-01  2.08614439373223384e-04  9.00000000000000022e-01  7.44421521923134266e-01 -1.55578478076865822e-04  3.12500000000000000e-01  3.12499999999999833e-01 -1.62630325872825665e-19  9.00000000000000022e-01  7.24701488493157409e-01 -1.75298511506842688e-04 
 2.26168902193870544e-09  6.00000000000000089e-01  4.74428449465386814e-01 -1.25571550534613226e-04 -5.00000000000000000e-01 -2.98964092052215247e-01  2.01035907947784735e-04  9.00000000000000022e-01  7.50073366487536641e-01 -1.49926633512463396e-04  3.12500000000000000e-01  3.12499999999999833e-01 -1.62630325872825665e-19  9.00000000000000022e-01  7.31069721115399251e-01 -1.68930278884600821e-04 
 2.29868902193870562e-09  6.00000000000000089e-01  4.78990204369442452e-01 -1.21009795630557578e-04 -5.00000000000000000e-01 -3.06267311094010064e-01  1.93732688905989933e-04  9.00000000000000022e-01  7.55519891219948003e-01 -1.44480108780052022e-04  3.12500000000000000e-01  3.12499999999999833e-01 -1.62630325872825665e-19  9.00000000000000022e-01  7.37206609008114300e-01 -1.62793390991885730e-04 
 2.33568902193870581e-09  6.00000000000000089e-01  4.83386240145908364e-01 -1.16613759854091706e-04 -5.00000000000000000e-01 -3.13305219282052794e-01  1.86694780717947212e-04  9.00000000000000022e-01  7.60768554965516652e-01 -1.39231445034483409e-04  3.12500000000000000e-01  3.12499999999999833e-01 -1.62630325872825665e-19  9.00000000000000022e-01  7.43120556447191105e-01 -1.56879443552808916e-04 
 2.37268902193870599e-09  6.00000000000000089e-01  4.87622577028187343e-01 -1.12377422971812724e-04 -5.00000000000000000e-01 -3.20087454811325334e-01  1.79912545188674650e-04  9.00000000000000022e-01  7.65826545604962550e-01 -1.34173454395037565e-04  3.12500000000000000e-01  3.12499999999999833e-01 -1.62630325872825665e-19  9.00000000000000022e-01  7.48819662398544805e-01 -1.51180337601455254e-04 
 2.40968902193870617e-09  6.00000000000000089e-01  4.91705016547045404e-01 -1.08294983452954588e-04 -5.00000000000000000e-01 -3.26623305741105319e-01  1.73376694258894665e-04  9.00000000000000022e-01  7.70700789898154714e-01 -1.29299210101845355e-04  3.12500000000000000e-01  3.12499999999999833e-01 -1.62630325872825665e-19  9.00000000000000022e-01  7.54311731609397684e-01 -1.45688268390602432e-04 
 2.44668902193870635e-09  6.00000000000000089e-01  4.95639149475625762e-01 -1.04360850524374302e-04 -5.00000000000000000e-01 -3.32921722714673352e-01  1.67078277285326673e-04  9.00000000000000022e-01  7.75397962970092114e-01 -1.24602037029907919e-04  3.12500000000000000e-01  3.12499999999999833e-01 -1.62630325872825665e-19  9.00000000000000022e-01  7.59604285296635928e-01 -1.40395714703364172e-04 
 2.48368902193870654e-09  6.00000000000000089e-01  4.99430363485838580e-01 -1.00569636514161479e-04 -5.00000000000000000e-01 -3.38991331216938530e-01  1.61008668783061456e-04  9.00000000000000022e-01  7.79924497452278209e-01 -1.20075502547721839e-04  3.12500000000000000e-01  3.12499999999999833e-01 -1.62630325872825665e-19  9.00000000000000022e-01  7.64704571446880532e-01 -1.35295428553119544e-04 
 2.52068902193870672e-09  6.00000000000000089e-01  5.03083850526608201e-01 -9.69161494733918397e-05 -5.00000000000000000e-01 -3.44840443386769946e-01  1.55159556613230045e-04  9.00000000000000022e-01  7.84286592292008922e-01 -1.15713407707991101e-04  3.12500000000000000e-01  3.12499999999999833e-01 -1.62630325872825665e-19  9.00000000000000022e-01  7.69619574742378965e-01 -1.30380425257621145e-04 
 2.55768902193870690e-09  6.00000000000000089e-01  5.06604613934085291e-01 -9.33953860659147202e-05 -5.00000000000000000e-01 -3.50477069400210783e-01  1.49522930599789200e-04  9.00000000000000022e-01  7.88490221241636369e-01 -1.11509778758363655e-04  3.12500000000000000e-01  3.12499999999999833e-01 -1.62630325872825665e-19  9.00000000000000022e-01  7.74356026126308161e-01 -1.25643973873691911e-04 
 2.59468902193870708e-09  6.00000000000000089e-01  5.09997475283558876e-01 -9.00025247164411377e-05 -5.00000000000000000e-01 -3.55908928440163808e-01  1.44091071559836182e-04  9.00000000000000022e-01  7.92541141039436403e-01 -1.07458858960563647e-04  3.12500000000000000e-01  3.12499999999999833e-01 -1.62630325872825665e-19  9.00000000000000022e-01  7.78920412020590480e-01 -1.21079587979409584e-04 
 2.63168902193870727e-09  6.00000000000000089e-01  5.13267080992452662e-01 -8.67329190075474257e-05 -5.00000000000000000e-01 -3.61143459267570743e-01  1.38856540732429238e-04  9.00000000000000022e-01  7.96444899293280995e-01 -1.03555100706719081e-04  3.12500000000000000e-01  3.12499999999999833e-01 -1.62630325872825665e-19  9.00000000000000022e-01  7.83318983208845854e-01 -1.16681016791154177e-04 
 2.66868902193870745e-09  6.00000000000000089e-01  5.16417908683448390e-01 -8.35820913165516649e-05 -5.00000000000000000e-01 -3.66187830408562287e-01  1.33812169591437707e-04  9.00000000000000022e-01  8.00206842077913705e-01 -9.97931579220863625e-05  3.12500000000000000e-01  3.12499999999999833e-01 -1.62630325872825665e-19  9.00000000000000022e-01  7.87557763396644184e-01 -1.12442236603355864e-04 
 2.70568902193870763e-09  6.00000000000000089e-01  5.19454273316450221e-01 -8.05457266835498233e-05 -5.00000000000000000e-01 -3.71048949971530595e-01  1.28951050028469410e-04  9.00000000000000022e-01  8.03832121256231824e-01 -9.61678787437682649e-05  3.12500000000000000e-01  3.12499999999999833e-01 -1.62630325872825665e-19  9.00000000000000022e-01  7.91642557460781604e-01 -1.08357442539218493e-04 
 2.74268902193870781e-09  6.00000000000000089e-01  5.22380333097786753e-01 -7.76196669022132663e-05 -5.00000000000000000e-01 -3.75733475107567272e-01  1.24266524892432733e-04  9.00000000000000022e-01  8.07325701534601259e-01 -9.26742984653988267e-05  3.12500000000000000e-01  3.12499999999999833e-01 -1.62630325872825665e-19  9.00000000000000022e-01  7.95578959398877683e-01 -1.04421040601122340e-04 
 2.77968902193870799e-09  6.00000000000000089e-01  5.25200095174744863e-01 -7.47999048252551537e-05 -5.00000000000000000e-01 -3.80247821127223551e-01  1.19752178872776442e-04  9.00000000000000022e-01  8.10692367261866553e-01 -8.93076327381335392e-05  3.12500000000000000e-01  3.12499999999999833e-01 -1.62630325872825665e-19  9.00000000000000022e-01  7.99372359990180081e-01 -1.00627640009819932e-04 
 2.81668902193870818e-09  6.00000000000000089e-01  5.27917421123232367e-01 -7.20825788767677066e-05 -5.00000000000000000e-01 -3.84598170286077456e-01  1.15401829713922570e-04  9.00000000000000022e-01  8.13936728981366597e-01 -8.60632710186334717e-05  3.12500000000000000e-01  3.12499999999999833e-01 -1.62630325872825665e-19  9.00000000000000022e-01  8.03027954178067382e-01 -9.69720458219326936e-05 
 2.85368902193870836e-09  6.00000000000000089e-01  5.30536032236084920e-01 -6.94639677639150889e-05 -5.00000000000000000e-01 -3.88790480251138881e-01  1.11209519748861109e-04  9.00000000000000022e-01  8.17063229744929953e-01 -8.29367702550701550e-05  3.12500000000000000e-01  3.12499999999999833e-01 -1.62630325872825665e-19  9.00000000000000022e-01  8.06550748184362121e-01 -9.34492518156379006e-05 
 2.89068902193870854e-09  6.00000000000000089e-01  5.33059514619260932e-01 -6.69404853807391070e-05 -5.00000000000000000e-01 -3.92830492259688635e-01  1.07169507740311387e-04  9.00000000000000022e-01  8.20076151197494885e-01 -7.99238488025051435e-05  3.12500000000000000e-01  3.12499999999999833e-01 -1.62630325872825665e-19  9.00000000000000022e-01  8.09945566365194991e-01 -9.00544336348050407e-05 
 2.92768902193870872e-09  6.00000000000000089e-01  5.35491324102900901e-01 -6.45086758970991533e-05 -5.00000000000000000e-01 -3.96723738981722529e-01  1.03276261018277486e-04  9.00000000000000022e-01  8.22979619440688204e-01 -7.70203805593118376e-05  3.12500000000000000e-01  3.12499999999999833e-01 -1.62630325872825665e-19  9.00000000000000022e-01  8.13217057817809064e-01 -8.67829421821909733e-05 
 2.96468902193870891e-09  6.00000000000000089e-01  5.37834790973978460e-01 -6.21652090260216283e-05 -5.00000000000000000e-01 -4.00475552096770326e-01  9.95244479032296740e-05  9.00000000000000022e-01  8.25777610683392504e-01 -7.42223893166075793e-05  3.12500000000000000e-01  3.12499999999999833e-01 -1.62630325872825665e-19  9.00000000000000022e-01  8.16369702747353432e-01 -8.36302972526466615e-05 
 3.00168902193870909e-09  6.00000000000000089e-01  5.40093124537024738e-01 -5.99068754629753127e-05 -5.00000000000000000e-01 -4.04091069595463870e-01  9.59089304045361471e-05  9.00000000000000022e-01  8.28473956687039492e-01 -7.15260433129605647e-05  3.12500000000000000e-01  3.12499999999999833e-01 -1.62630325872825665e-19  9.00000000000000022e-01  8.19407818602383209e-01 -8.05921813976168610e-05 
 3.03868902193870927e-09  6.00000000000000089e-01  5.42269417509170126e-01 -5.77305824908299616e-05 -5.00000000000000000e-01 -4.07575242815854388e-01  9.24247571841455917e-05  9.00000000000000022e-01  8.31072350013087213e-01 -6.89276499869128029e-05  3.12500000000000000e-01  3.12499999999999833e-01 -1.62630325872825665e-19  9.00000000000000022e-01  8.22335565987470818e-01 -7.76644340125292243e-05 
 3.07568902193870945e-09  6.00000000000000089e-01  5.44366650255523443e-01 -5.56333497444765719e-05 -5.00000000000000000e-01 -4.10932843224114941e-01  8.90671567758850456e-05  9.00000000000000022e-01  8.33576349079867551e-01 -6.64236509201324892e-05  3.12500000000000000e-01  3.12499999999999833e-01 -1.62630325872825665e-19  9.00000000000000022e-01  8.25156954361023542e-01 -7.48430456389765405e-05 
 3.11268902193870964e-09  6.00000000000000089e-01  5.46387694870688501e-01 -5.36123051293115483e-05 -5.00000000000000000e-01 -4.14168468948913959e-01  8.58315310510860525e-05  9.00000000000000022e-01  8.35989383035729006e-01 -6.40106169642710998e-05  3.12500000000000000e-01  3.12499999999999833e-01 -1.62630325872825665e-19  9.00000000000000022e-01  8.27875847526111430e-01 -7.21241524738886744e-05 
 3.14968902193870982e-09  6.00000000000000089e-01  5.48335319112008612e-01 -5.16646808879914817e-05 -5.00000000000000000e-01 -4.17286551078408396e-01  8.27134489215916244e-05  9.00000000000000022e-01  8.38314756455147636e-01 -6.16852435448523792e-05  3.12500000000000000e-01  3.12499999999999833e-01 -1.62630325872825665e-19  9.00000000000000022e-01  8.30495968921824423e-01 -6.95040310781756951e-05 
 3.18668902193871000e-09  6.00000000000000089e-01  5.50212190189922845e-01 -4.97878098100772073e-05 -5.00000000000000000e-01 -4.20291359728480918e-01  7.97086402715190749e-05  9.00000000000000022e-01  8.40555653864239027e-01 -5.94443461357610807e-05  3.12500000000000000e-01  3.12499999999999833e-01 -1.62630325872825665e-19  9.00000000000000022e-01  8.33020906722406029e-01 -6.69790932775940874e-05 
 3.22368902193871018e-09  6.00000000000000089e-01  5.52020878420627636e-01 -4.79791215793724064e-05 -5.00000000000000000e-01 -4.23187009890529209e-01  7.68129901094708064e-05  9.00000000000000022e-01  8.42715144101865987e-01 -5.72848558981340532e-05  3.12500000000000000e-01  3.12499999999999833e-01 -1.62630325872825665e-19  9.00000000000000022e-01  8.35454118751145058e-01 -6.45458812488549760e-05 
 3.26068902193871037e-09  6.00000000000000089e-01  5.53763860746044112e-01 -4.62361392539559777e-05 -5.00000000000000000e-01 -4.25977467066818216e-01  7.40225329331817739e-05  9.00000000000000022e-01  8.44796184522318416e-01 -5.52038154776816718e-05  3.12500000000000000e-01  3.12499999999999833e-01 -1.62630325872825665e-19  9.00000000000000022e-01  8.37798937215757156e-01 -6.22010627842428752e-05 
 3.29768902193871055e-09  6.00000000000000089e-01  5.55443524125912802e-01 -4.45564758740872721e-05 -5.00000000000000000e-01 -4.28666552701111481e-01  7.13334472988884968e-05  9.00000000000000022e-01  8.46801625045316975e-01 -5.31983749546830397e-05  3.12500000000000000e-01  3.12499999999999833e-01 -1.62630325872825665e-19  9.00000000000000022e-01  8.40058573271738385e-01 -5.99414267282616549e-05 
 3.33468902193871073e-09  6.00000000000000089e-01  5.57062168806660041e-01 -4.29378311933400125e-05 -5.00000000000000000e-01 -4.31257949412018671e-01  6.87420505879813410e-05  9.00000000000000022e-01  8.48734212058888882e-01 -5.12657879411112204e-05  3.12500000000000000e-01  3.12499999999999833e-01 -1.62630325872825665e-19  9.00000000000000022e-01  8.42236121419941974e-01 -5.77638785800580531e-05 
 3.37168902193871091e-09  6.00000000000000089e-01  5.58622011471513802e-01 -4.13779885284862748e-05 -5.00000000000000000e-01 -4.33755206036226137e-01  6.62447939637738747e-05  9.00000000000000022e-01  8.50596592180460576e-01 -4.94034078195394787e-05  3.12500000000000000e-01  3.12499999999999833e-01 -1.62630325872825665e-19  9.00000000000000022e-01  8.44334563744401412e-01 -5.56654362555986928e-05 
 3.40868902193871110e-09  6.00000000000000089e-01  5.60125188276181296e-01 -3.98748117238187675e-05 -5.00000000000000000e-01 -4.36161742488518356e-01  6.38382575114816286e-05  9.00000000000000022e-01  8.52391315881317446e-01 -4.76086841186825838e-05  3.12500000000000000e-01  3.12499999999999833e-01 -1.62630325872825665e-19  9.00000000000000022e-01  8.46356773996200018e-01 -5.36432260038000128e-05 
 3.44568902193871128e-09  6.00000000000000089e-01  5.61573757774248228e-01 -3.84262422257518679e-05 -5.00000000000000000e-01 -4.38480854445243706e-01  6.15191455547562955e-05  9.00000000000000022e-01  8.54120840979394336e-01 -4.58791590206056830e-05  3.12500000000000000e-01  3.12499999999999833e-01 -1.62630325872825665e-19  9.00000000000000022e-01  8.48305521528983864e-01 -5.16944784710161951e-05 
 3.48268902193871146e-09  6.00000000000000089e-01  5.62969703736303062e-01 -3.70302962636970224e-05 -5.00000000000000000e-01 -4.40715717857640243e-01  5.92842821423597652e-05  9.00000000000000022e-01  8.55787536005179761e-01 -4.42124639948202839e-05  3.12500000000000000e-01  3.12499999999999833e-01 -1.62630325872825665e-19  9.00000000000000022e-01  8.50183475091504604e-01 -4.98165249084954118e-05 
 3.51968902193871164e-09  6.00000000000000089e-01  5.64314937866648436e-01 -3.56850621333515590e-05 -5.00000000000000000e-01 -4.42869393301201675e-01  5.71306066987983135e-05  9.00000000000000022e-01  8.57393683445344945e-01 -4.26063165546551473e-05  3.12500000000000000e-01  3.12499999999999833e-01 -1.62630325872825665e-19  9.00000000000000022e-01  8.51993206482387300e-01 -4.80067935176127980e-05 
 3.55668902193871183e-09  6.00000000000000089e-01  5.65611302421320850e-01 -3.43886975786791707e-05 -5.00000000000000000e-01 -4.44944830167039174e-01  5.50551698329608259e-05  9.00000000000000022e-01  8.58941482868538220e-01 -4.10585171314618511e-05  3.12500000000000000e-01  3.12499999999999833e-01 -1.62630325872825665e-19  9.00000000000000022e-01  8.53737194072128669e-01 -4.62628059278713533e-05 
 3.59368902193871201e-09  6.00000000000000089e-01  5.66860572731002765e-01 -3.31394272689972645e-05 -5.00000000000000000e-01 -4.46944870700980768e-01  5.30551292990192312e-05  9.00000000000000022e-01  8.60433053937624259e-01 -3.95669460623757855e-05  3.12500000000000000e-01  3.12499999999999833e-01 -1.62630325872825665e-19  9.00000000000000022e-01  8.55417826197147013e-01 -4.45821738028530107e-05 
 3.63068902193871219e-09  6.00000000000000089e-01  5.68064459632282026e-01 -3.19355403677179907e-05 -5.00000000000000000e-01 -4.48872253895937767e-01  5.11277461040622540e-05  9.00000000000000022e-01  8.61870439312496850e-01 -3.81295606875031810e-05  3.12500000000000000e-01  3.12499999999999833e-01 -1.62630325872825665e-19  9.00000000000000022e-01  8.57037404430534888e-01 -4.29625955694651774e-05 
 3.66768902193871237e-09  6.00000000000000089e-01  5.69224611810588921e-01 -3.07753881894110926e-05 -5.00000000000000000e-01 -4.50729619242869861e-01  4.92703807571301649e-05  9.00000000000000022e-01  8.63255607447438011e-01 -3.67443925525620836e-05  3.12500000000000000e-01  3.12499999999999833e-01 -1.62630325872825665e-19  9.00000000000000022e-01  8.58598146733991041e-01 -4.14018532660090019e-05 
 3.70468902193871256e-09  6.00000000000000089e-01  5.70342618058019779e-01 -2.96573819419803123e-05 -5.00000000000000000e-01 -4.52519510345485321e-01  4.74804896545146611e-05  9.00000000000000022e-01  8.64590455286853743e-01 -3.54095447131463599e-05  3.12500000000000000e-01  3.12499999999999833e-01 -1.62630325872825665e-19  9.00000000000000022e-01  8.60102190495249830e-01 -3.98978095047502340e-05 
 3.74168902193871232e-09  6.00000000000000089e-01  5.71420009449137511e-01 -2.85799905508625105e-05 -5.00000000000000000e-01 -4.54244378403626747e-01  4.57556215963732488e-05  9.00000000000000022e-01  8.65876810863079771e-01 -3.41231891369202624e-05  3.12500000000000000e-01  3.12499999999999833e-01 -1.62630325872825665e-19  9.00000000000000022e-01  8.61551595455166797e-01 -3.84484045448332422e-05 
 3.77868902193871209e-09  6.00000000000000089e-01  5.72458261437730487e-01 -2.75417385622695691e-05 -5.00000000000000000e-01 -4.55906585570112544e-01  4.40934144298874746e-05  9.00000000000000022e-01  8.67116435799816010e-01 -3.28835642001840123e-05  3.12500000000000000e-01  3.12499999999999833e-01 -1.62630325872825665e-19  9.00000000000000022e-01  8.62948346528469523e-01 -3.70516534715305441e-05 
 3.81568902193871186e-09  6.00000000000000089e-01  5.73458795877400451e-01 -2.65412041225996168e-05 -5.00000000000000000e-01 -4.57508408185631321e-01  4.24915918143686940e-05  9.00000000000000022e-01  8.68311027724613993e-01 -3.16889722753860553e-05  3.12500000000000000e-01  3.12499999999999833e-01 -1.62630325872825665e-19  9.00000000000000022e-01  8.64294356522035123e-01 -3.57056434779649476e-05 
 3.85268902193871163e-09  6.00000000000000089e-01  5.74422982968746720e-01 -2.55770170312532956e-05 -5.00000000000000000e-01 -4.59052039896118924e-01  4.09479601038810546e-05  9.00000000000000022e-01  8.69462222593724632e-01 -3.05377774062753904e-05  3.12500000000000000e-01  3.12499999999999833e-01 -1.62630325872825665e-19  9.00000000000000022e-01  8.65591468754420612e-01 -3.44085312455794145e-05 
 3.88968902193871140e-09  6.00000000000000089e-01  5.75352143135812399e-01 -2.46478568641876053e-05 -5.00000000000000000e-01 -4.60539594656888207e-01  3.94604053431117825e-05  9.00000000000000022e-01  8.70571596932489644e-01 -2.94284030675104292e-05  3.12500000000000000e-01  3.12499999999999833e-01 -1.62630325872825665e-19  9.00000000000000022e-01  8.66841459580229512e-01 -3.31585404197706031e-05 
 3.92668902193871117e-09  6.00000000000000089e-01  5.76247548834364243e-01 -2.37524511656358149e-05 -5.00000000000000000e-01 -4.61973109627624667e-01  3.80268903723753071e-05  9.00000000000000022e-01  8.71640669994343309e-01 -2.83593300056567436e-05  3.12500000000000000e-01  3.12499999999999833e-01 -1.62630325872825665e-19  9.00000000000000022e-01  8.68046040822773701e-01 -3.19539591772263981e-05 
 3.96368902193871094e-09  6.00000000000000089e-01  5.77110426294480727e-01 -2.28895737055192930e-05 -5.00000000000000000e-01 -4.63354547962212759e-01  3.66454520377872193e-05  9.00000000000000022e-01  8.72670905841382183e-01 -2.73290941586178419e-05  3.12500000000000000e-01  3.12499999999999833e-01 -1.62630325872825665e-19  9.00000000000000022e-01  8.69206862118362511e-01 -3.07931378816375190e-05 
 4.00000000000000025e-09  6.00000000000000089e-01  5.77926748376528132e-01 -2.20732516234718994e-05 -5.00000000000000000e-01 -4.64661452673060971e-01  3.53385473269390263e-05  9.00000000000000022e-01  8.73645556716537763e-01 -2.63544432834622632e-05  3.12500000000000000e-01  3.12499999999999889e-01 -1.08420217248550443e-19  9.00000000000000022e-01  8.70305052882056951e-01 -2.96949471179431320e-05 
