% time-domain current integration by openEMS v0.0.35 @Tue Oct  6 19:08:03 2026
% start-coordinates: (0.00345,-0.0064,0.0015692) m -> [338,558,24]
% stop-coordinates: (0.0037,-0.0064,0.0016442) m -> [343,558,25]
% t/s	current
4.98290209629e-14	-0
2.49643395024e-11	-0
4.98788499839e-11	-0
7.47933604653e-11	-0
9.97078709468e-11	-1.13130787697e-14
1.24622381428e-10	9.29912546163e-14
1.4953689191e-10	-9.37565929299e-14
1.74451402391e-10	-5.015160379e-13
1.99365912873e-10	-5.67917891534e-13
2.24280423354e-10	-1.01913410436e-12
2.49194933836e-10	-1.06861438101e-12
2.74109444317e-10	-5.07735888923e-13
2.99023954798e-10	-5.39381039832e-13
3.2393846528e-10	-8.50044318788e-13
3.48852975761e-10	-1.11400853819e-10
3.73767486243e-10	-8.43611902557e-10
3.98681996724e-10	-3.542161231e-09
4.23596507206e-10	-1.21502212735e-08
4.48511017687e-10	-3.6589124619e-08
4.73425528169e-10	-9.70948761392e-08
4.9834003865e-10	-2.26504837997e-07
5.23254549132e-10	-4.64276212142e-07
5.48169059613e-10	-8.35808123156e-07
5.73083570095e-10	-1.32070465497e-06
5.97998080576e-10	-1.83054237368e-06
6.22912591057e-10	-2.22377252612e-06
6.47827101539e-10	-2.36559912992e-06
6.7274161202e-10	-2.20147012442e-06
6.97656122502e-10	-1.79074129392e-06
7.22570632983e-10	-1.27278644868e-06
7.47485143465e-10	-7.91400566413e-07
7.72399653946e-10	-4.32693894936e-07
7.97314164428e-10	-2.11139195017e-07
8.22228674909e-10	-9.54261594188e-08
8.47143185391e-10	-4.31260573919e-08
8.72057695872e-10	-2.173921132e-08
8.96972206353e-10	-1.32259900809e-08
9.21886716835e-10	-9.84996972875e-09
9.46801227316e-10	-8.90107187956e-09
9.71715737798e-10	-9.18933018568e-09
9.96630248279e-10	-9.9471924031e-09
1.02154475876e-09	-1.08427320455e-08
1.04645926924e-09	-1.19561756051e-08
1.07137377972e-09	-1.33732349639e-08
1.09628829021e-09	-1.48954875101e-08
1.12120280069e-09	-1.57839590287e-08
1.14611731117e-09	-1.47285419416e-08
1.17103182165e-09	-1.05295203667e-08
1.19594633213e-09	-2.93609381252e-09
1.22086084261e-09	6.96897384245e-09
1.24577535309e-09	1.70880465333e-08
1.27068986358e-09	2.52852103699e-08
1.29560437406e-09	3.02016047726e-08
1.32051888454e-09	3.1341858886e-08
1.34543339502e-09	2.87970198798e-08
1.3703479055e-09	2.31158487907e-08
1.39526241598e-09	1.53122066138e-08
1.42017692646e-09	6.76706157776e-09
1.44509143695e-09	-1.03048380939e-09
1.47000594743e-09	-6.86548506934e-09
1.49492045791e-09	-1.02326813689e-08
