% time-domain voltage integration by openEMS v0.0.35 @Tue Oct  6 19:08:03 2026
% start-coordinates: (0.0036,-0.0068,0.0016442) m -> [341,550,25]
% stop-coordinates: (0.0036,-0.006,0.0016442) m -> [341,566,25]
% t/s	voltage
0	0
2.49145104815e-11	0
4.98290209629e-11	0
7.47435314444e-11	0
9.96580419258e-11	-3.12000044669e-12
1.24572552407e-10	-4.85580596321e-12
1.49487062889e-10	-3.13550869839e-12
1.7440157337e-10	1.8463775444e-11
1.99316083852e-10	3.49999582268e-11
2.24230594333e-10	7.50471143562e-11
2.49145104815e-10	9.62392435709e-11
2.74059615296e-10	5.44332597253e-11
2.98974125778e-10	5.51821117013e-11
3.23888636259e-10	8.53167456049e-11
3.4880314674e-10	9.51601595266e-09
3.73717657222e-10	7.2237270346e-08
3.98632167703e-10	3.03757767189e-07
4.23546678185e-10	1.04237364562e-06
4.48461188666e-10	3.14026341286e-06
4.73375699148e-10	8.33722611304e-06
4.98290209629e-10	1.94593447205e-05
5.23204720111e-10	3.99080535054e-05
5.48119230592e-10	7.18832927795e-05
5.73033741074e-10	0.000113648561211
5.97948251555e-10	0.000157605339865
6.22862762036e-10	0.000191561094997
6.47777272518e-10	0.000203879772803
6.72691782999e-10	0.000189823183362
6.97606293481e-10	0.000154474788015
7.22520803962e-10	0.00010983743767
7.47435314444e-10	6.83185801762e-05
7.72349824925e-10	3.73629721899e-05
7.97264335407e-10	1.82349385938e-05
8.22178845888e-10	8.24143305422e-06
8.4709335637e-10	3.72345903799e-06
8.72007866851e-10	1.87561321385e-06
8.96922377333e-10	1.13991324502e-06
9.21836887814e-10	8.48069544118e-07
9.46751398295e-10	7.66001850148e-07
9.71665908777e-10	7.90976182929e-07
9.96580419258e-10	8.56525851856e-07
1.02149492974e-09	9.33757625526e-07
1.04640944022e-09	1.02966769536e-06
1.0713239507e-09	1.15189050892e-06
1.09623846118e-09	1.28366758832e-06
1.12115297167e-09	1.361464459e-06
1.14606748215e-09	1.27193267638e-06
1.17098199263e-09	9.11173280771e-07
1.19589650311e-09	2.57122424241e-07
1.22081101359e-09	-5.96939814579e-07
1.24572552407e-09	-1.46980091542e-06
1.27064003455e-09	-2.17710591066e-06
1.29555454504e-09	-2.60152653275e-06
1.32046905552e-09	-2.70051255911e-06
1.345383566e-09	-2.48202324615e-06
1.37029807648e-09	-1.99323224415e-06
1.39521258696e-09	-1.32138870546e-06
1.42012709744e-09	-5.85338495729e-07
1.44504160792e-09	8.66369199715e-08
1.46995611841e-09	5.89621453218e-07
1.49487062889e-09	8.79791891589e-07
