% time-domain voltage integration by openEMS v0.0.35 @Tue Oct  6 19:08:03 2026
% start-coordinates: (-0.0088,-0.0304,0.0016442) m -> [93,78,25]
% stop-coordinates: (-0.008,-0.0304,0.0016442) m -> [109,78,25]
% t/s	voltage
0	-0
2.49145104815e-11	1.27499829361e-07
4.98290209629e-11	5.07165708541e-07
7.47435314444e-11	1.70023763246e-06
9.96580419258e-11	4.97693474699e-06
1.24572552407e-10	1.27211379777e-05
1.49487062889e-10	2.83805811705e-05
1.7440157337e-10	5.52739502382e-05
1.99316083852e-10	9.39953506531e-05
2.24230594333e-10	0.00013958159434
2.49145104815e-10	0.000181010927918
2.74059615296e-10	0.000204974920052
2.98974125778e-10	0.000202610095585
3.23888636259e-10	0.000174685203092
3.4880314674e-10	0.000131174361741
3.73717657222e-10	8.55750540723e-05
3.98632167703e-10	4.83415669805e-05
4.23546678185e-10	2.36760583903e-05
4.48461188666e-10	1.0465893638e-05
4.73375699148e-10	5.16128716299e-06
4.98290209629e-10	4.16889801613e-06
5.23204720111e-10	4.87277309702e-06
5.48119230592e-10	5.68680938606e-06
5.73033741074e-10	5.81233399144e-06
5.97948251555e-10	5.04258234235e-06
6.22862762036e-10	3.52136844528e-06
6.47777272518e-10	1.68987290072e-06
6.72691782999e-10	4.1730781275e-08
6.97606293481e-10	-1.060774526e-06
7.22520803962e-10	-1.49147601913e-06
7.47435314444e-10	-1.30855539426e-06
7.72349824925e-10	-6.2946481183e-07
7.97264335407e-10	4.99601757298e-07
8.22178845888e-10	2.05733470793e-06
8.4709335637e-10	3.85745835807e-06
8.72007866851e-10	5.40699354712e-06
8.96922377333e-10	5.9840071267e-06
9.21836887814e-10	4.96150794227e-06
9.46751398295e-10	2.20517943861e-06
9.71665908777e-10	-1.71401482252e-06
9.96580419258e-10	-5.69778873061e-06
1.02149492974e-09	-8.59627801431e-06
1.04640944022e-09	-9.70609020756e-06
1.0713239507e-09	-9.02873414077e-06
1.09623846118e-09	-7.17190830235e-06
1.12115297167e-09	-4.98397454773e-06
1.14606748215e-09	-3.13695415199e-06
1.17098199263e-09	-1.88660123612e-06
1.19589650311e-09	-1.12361202453e-06
1.22081101359e-09	-5.97448333917e-07
1.24572552407e-09	-1.25757656733e-07
1.27064003455e-09	3.27036363323e-07
1.29555454504e-09	7.04829380194e-07
1.32046905552e-09	9.61329951643e-07
1.345383566e-09	1.10295317146e-06
1.37029807648e-09	1.1894095695e-06
1.39521258696e-09	1.29284368278e-06
1.42012709744e-09	1.43562444288e-06
1.44504160792e-09	1.56205417312e-06
1.46995611841e-09	1.56101824667e-06
1.49487062889e-09	1.31722149632e-06
