% time-domain current integration by openEMS v0.0.35 @Tue Oct  6 19:08:03 2026
% start-coordinates: (-0.00845,-0.03055,0.0015692) m -> [100,75,24]
% stop-coordinates: (-0.00845,-0.0303,0.0016442) m -> [100,80,25]
% t/s	current
4.98290209629e-14	0
2.49643395024e-11	1.27422117302e-09
4.98788499839e-11	4.83112216898e-09
7.47933604653e-11	1.66302775995e-08
9.97078709468e-11	4.99173609114e-08
1.24622381428e-10	1.30605656068e-07
1.4953689191e-10	2.98035104151e-07
1.74451402391e-10	5.93058075538e-07
1.99365912873e-10	1.02890635389e-06
2.24280423354e-10	1.55620830355e-06
2.49194933836e-10	2.05196238312e-06
2.74109444317e-10	2.35901620727e-06
2.99023954798e-10	2.36546588894e-06
3.2393846528e-10	2.07038965527e-06
3.48852975761e-10	1.58393083893e-06
3.73767486243e-10	1.06155664525e-06
3.98681996724e-10	6.24897722901e-07
4.23596507206e-10	3.22472970993e-07
4.48511017687e-10	1.40956601058e-07
4.73425528169e-10	4.06708231537e-08
4.9834003865e-10	-1.47855239163e-08
5.23254549132e-10	-4.67762504286e-08
5.48169059613e-10	-6.35092192169e-08
5.73083570095e-10	-6.68651765068e-08
5.97998080576e-10	-5.78555301445e-08
6.22912591057e-10	-4.01838633479e-08
6.47827101539e-10	-1.89358679847e-08
6.7274161202e-10	1.6467444075e-10
6.97656122502e-10	1.29273143301e-08
7.22570632983e-10	1.78994383759e-08
7.47485143465e-10	1.5760857508e-08
7.72399653946e-10	7.87173437544e-09
7.97314164428e-10	-5.23614351877e-09
8.22228674909e-10	-2.33153407692e-08
8.47143185391e-10	-4.41987957345e-08
8.72057695872e-10	-6.21587972205e-08
8.96972206353e-10	-6.88188279696e-08
9.21886716835e-10	-5.69112756921e-08
9.46801227316e-10	-2.48930582814e-08
9.71715737798e-10	2.05955466015e-08
9.96630248279e-10	6.68024853212e-08
1.02154475876e-09	1.00389492275e-07
1.04645926924e-09	1.13210447239e-07
1.07137377972e-09	1.05303712417e-07
1.09628829021e-09	8.37348821392e-08
1.12120280069e-09	5.83482524519e-08
1.14611731117e-09	3.6930956071e-08
1.17103182165e-09	2.24367742163e-08
1.19594633213e-09	1.3592363679e-08
1.22086084261e-09	7.49236583886e-09
1.24577535309e-09	2.02577155051e-09
1.27068986358e-09	-3.21765725175e-09
1.29560437406e-09	-7.58962848124e-09
1.32051888454e-09	-1.05571684728e-08
1.34543339502e-09	-1.21971233114e-08
1.3703479055e-09	-1.32023902921e-08
1.39526241598e-09	-1.44063037055e-08
1.42017692646e-09	-1.6063212982e-08
1.44509143695e-09	-1.75228827004e-08
1.47000594743e-09	-1.7494764748e-08
1.49492045791e-09	-1.46446481608e-08
