 time                     v(src0)                  v(out0)                  i(V0)                    v(src1)                  v(out1)                  i(V1)                    v(src2)                  v(out2)                  i(V2)                    v(src3)                  v(out3)                  i(V3)                    v(src4)                  v(out4)                  i(V4)                   
 0.00000000000000000e+00 -6.00000000000000089e-01 -6.00000000000000089e-01  0.00000000000000000e+00 -6.00000000000000089e-01 -6.00000000000000089e-01  0.00000000000000000e+00 -6.00000000000000089e-01 -6.00000000000000089e-01  0.00000000000000000e+00 -6.00000000000000089e-01 -6.00000000000000089e-01  0.00000000000000000e+00 -6.00000000000000089e-01 -6.00000000000000089e-01  0.00000000000000000e+00 
 1.30000000000000001e-13 -5.98830000000000084e-01 -5.99999847919770457e-01 -1.16984791977039603e-06  2.00130000000000002e-01 -5.99895996620439353e-01 -8.00025996620439385e-04 -5.98830000000000084e-01 -5.99999847919770457e-01 -1.16984791977039603e-06 -5.98830000000000084e-01 -5.99999847919770457e-01 -1.16984791977039603e-06 -6.00000000000000089e-01 -6.00000000000000089e-01  0.00000000000000000e+00 
 2.60000000000000003e-13 -5.97660000000000080e-01 -5.99999543779079159e-01 -2.33954377907913055e-06  2.00260000000000021e-01 -5.99791989861757302e-01 -8.00051989861757422e-04 -5.97660000000000080e-01 -5.99999543779079159e-01 -2.33954377907913055e-06 -5.97660000000000080e-01 -5.99999543779079159e-01 -2.33954377907913055e-06 -6.00000000000000089e-01 -6.00000000000000089e-01  0.00000000000000000e+00 
 5.20000000000000006e-13 -5.95320000000000071e-01 -5.99998631416303718e-01 -4.67863141630361305e-06  2.00520000000000004e-01 -5.99583969587028864e-01 -8.00103969587028863e-04 -5.95320000000000071e-01 -5.99998631416303718e-01 -4.67863141630361305e-06 -5.95320000000000071e-01 -5.99998631416303718e-01 -4.67863141630361305e-06 -6.00000000000000089e-01 -6.00000000000000089e-01  0.00000000000000000e+00 
 1.04000000000000001e-12 -5.90640000000000054e-01 -5.99994982676639310e-01 -9.35498267663932570e-06  2.01040000000000024e-01 -5.99167888503925106e-01 -8.00207888503925210e-04 -5.90640000000000054e-01 -5.99994982676639310e-01 -9.35498267663932570e-06 -5.90640000000000054e-01 -5.99994982676639310e-01 -9.35498267663932570e-06 -6.00000000000000089e-01 -6.00000000000000089e-01  0.00000000000000000e+00 
 2.08000000000000002e-12 -5.81280000000000130e-01 -5.99980393880829133e-01 -1.87003938808290695e-05  2.02080000000000010e-01 -5.98335564308462686e-01 -8.00415564308462656e-04 -5.81280000000000130e-01 -5.99980393880829133e-01 -1.87003938808290695e-05 -5.81280000000000130e-01 -5.99980393880829133e-01 -1.87003938808290695e-05 -6.00000000000000089e-01 -5.99999999999999978e-01  1.08420217248550443e-19 
 4.16000000000000005e-12 -5.62560000000000060e-01 -5.99922088898738104e-01 -3.73620888987380743e-05  2.04160000000000008e-01 -5.96670268642194079e-01 -8.00830268642194090e-04 -5.62560000000000060e-01 -5.99922088898738104e-01 -3.73620888987380743e-05 -5.62560000000000060e-01 -5.99922088898738104e-01 -3.73620888987380743e-05 -6.00000000000000089e-01 -5.99999999999999756e-01  3.25260651745651330e-19 
 8.32000000000000009e-12 -5.25120000000000031e-01 -5.99689271668757629e-01 -7.45692716687576095e-05  2.08320000000000005e-01 -5.93337094925972308e-01 -8.01657094925972355e-04 -5.25120000000000031e-01 -5.99689271668757629e-01 -7.45692716687576095e-05 -5.25120000000000031e-01 -5.99689271668757629e-01 -7.45692716687576095e-05 -6.00000000000000089e-01 -5.99999999999999645e-01  4.33680868994201774e-19 
 1.66400000000000002e-11 -4.50240000000000085e-01 -5.98761215243203693e-01 -1.48521215243203669e-04  2.16640000000000027e-01 -5.86660471449848786e-01 -8.03300471449848843e-04 -4.50240000000000085e-01 -5.98761215243203693e-01 -1.48521215243203669e-04 -4.50240000000000085e-01 -5.98761215243203693e-01 -1.48521215243203669e-04 -6.00000000000000089e-01 -5.99999999999999423e-01  6.50521303491302660e-19 
 3.32800000000000004e-11 -3.00480000000000080e-01 -5.95074492554328205e-01 -2.94594492554328072e-04  2.33280000000000015e-01 -5.73266544278984935e-01 -8.06546544278984945e-04 -3.00480000000000080e-01 -5.95074492554328205e-01 -2.94594492554328072e-04 -3.00480000000000080e-01 -5.95074492554328205e-01 -2.94594492554328072e-04 -6.00000000000000089e-01 -5.99999999999999201e-01  8.67361737988403547e-19 
 6.65600000000000007e-11 -9.60000000000071907e-04 -5.80528421661772320e-01 -5.79568421661772262e-04  2.66560000000000019e-01 -5.46319298259150266e-01 -8.12879298259150309e-04 -9.60000000000071907e-04 -5.80528421661772320e-01 -5.79568421661772262e-04 -9.60000000000071907e-04 -5.80528421661772320e-01 -5.79568421661772262e-04 -6.00000000000000089e-01 -5.99999999999999201e-01  8.67361737988403547e-19 
 1.00000000000000004e-10  3.00000000000000044e-01 -5.56517072204331109e-01 -8.56517072204331163e-04  3.00000000000000044e-01 -5.19033712715651685e-01 -8.19033712715651731e-04  3.00000000000000044e-01 -5.56517072204331109e-01 -8.56517072204331163e-04  3.00000000000000044e-01 -5.56517072204331109e-01 -8.56517072204331163e-04 -6.00000000000000089e-01 -5.99999999999999201e-01  8.67361737988403547e-19 
 1.02751831102401933e-10  2.89909952624526290e-01 -5.54194240033307417e-01 -8.44104192657833732e-04  2.89909952624526290e-01 -5.16813745352513787e-01 -8.06723697977040173e-04  2.89909952624526290e-01 -5.54194240033307417e-01 -8.44104192657833732e-04  2.89909952624526290e-01 -5.54194240033307417e-01 -8.44104192657833732e-04 -6.00000000000000089e-01 -5.99999999999999201e-01  8.67361737988403547e-19 
 1.08255493307205779e-10  2.69729857873578838e-01 -5.49616704508275156e-01 -8.19346562381853961e-04  2.69729857873578838e-01 -5.12441374863725319e-01 -7.82171232737304163e-04  2.69729857873578838e-01 -5.49616704508275156e-01 -8.19346562381853961e-04  2.69729857873578838e-01 -5.49616704508275156e-01 -8.19346562381853961e-04 -6.00000000000000089e-01 -5.99999999999999201e-01  8.67361737988403547e-19 
 1.19262817716813472e-10  2.29369668371683988e-01 -5.40868168926410986e-01 -7.70237837298095012e-04  2.29369668371683988e-01 -5.04099800418665311e-01 -7.33469468790349252e-04  2.29369668371683988e-01 -5.40868168926410986e-01 -7.70237837298095012e-04  2.29369668371683988e-01 -5.40868168926410986e-01 -7.70237837298095012e-04 -6.00000000000000089e-01 -5.99999999999999312e-01  7.58941520739853104e-19 
 1.40273570721937470e-10  1.52330240686229329e-01 -5.25654050210384027e-01 -6.77984290896613295e-04  1.52330240686229329e-01 -4.89650181454031441e-01 -6.41980422140260793e-04  1.52330240686229329e-01 -5.25654050210384027e-01 -6.77984290896613295e-04  1.52330240686229329e-01 -5.25654050210384027e-01 -6.77984290896613295e-04 -6.00000000000000089e-01 -5.99999999999999534e-01  5.42101086242752217e-19 
 1.77273570721937472e-10  1.66635740195626436e-02 -5.03488526960662375e-01 -5.20152100980225012e-04  1.66635740195626436e-02 -4.68792604344697772e-01 -4.85456178364260423e-04  1.66635740195626436e-02 -5.03488526960662375e-01 -5.20152100980225012e-04  1.66635740195626436e-02 -5.03488526960662375e-01 -5.20152100980225012e-04 -6.00000000000000089e-01 -5.99999999999999867e-01  2.16840434497100887e-19 
 2.14273570721937473e-10 -1.19003092647104014e-01 -4.87056720968580936e-01 -3.68053628321476901e-04 -1.19003092647104014e-01 -4.53621229512940982e-01 -3.34618136865836983e-04 -1.19003092647104014e-01 -4.87056720968580936e-01 -3.68053628321476901e-04 -1.19003092647104014e-01 -4.87056720968580936e-01 -3.68053628321476901e-04 -6.00000000000000089e-01 -6.00000000000000089e-01  0.00000000000000000e+00 
 2.51273570721937474e-10 -2.54669759313770672e-01 -4.76150338136414830e-01 -2.21480578822644194e-04 -2.54669759313770672e-01 -4.43929488982059584e-01 -1.89259729668288896e-04 -2.54669759313770672e-01 -4.76150338136414830e-01 -2.21480578822644194e-04 -2.54669759313770672e-01 -4.76150338136414830e-01 -2.21480578822644194e-04 -6.00000000000000089e-01 -6.00000000000000200e-01 -1.08420217248550443e-19 
 2.88273570721937450e-10 -3.90336425980437274e-01 -4.70568651260514503e-01 -8.02322252800772673e-05 -3.90336425980437274e-01 -4.39518318963018406e-01 -4.91818929825811385e-05 -3.90336425980437274e-01 -4.70568651260514503e-01 -8.02322252800772673e-05 -3.90336425980437274e-01 -4.70568651260514503e-01 -8.02322252800772673e-05 -6.00000000000000089e-01 -6.00000000000000200e-01 -1.08420217248550443e-19 
 3.25273570721937426e-10 -5.26003092647103876e-01 -4.70118225141683277e-01  5.58848675054206029e-05 -5.26003092647103876e-01 -4.40195887242819828e-01  8.58072054042840495e-05 -5.26003092647103876e-01 -4.70118225141683277e-01  5.58848675054206029e-05 -5.26003092647103876e-01 -4.70118225141683277e-01  5.58848675054206029e-05 -6.00000000000000089e-01 -6.00000000000000200e-01 -1.08420217248550443e-19 
 3.62273570721937401e-10 -6.61669759313770478e-01 -4.74612651681726339e-01  1.87057107632044195e-04 -6.61669759313770478e-01 -4.45777330476292366e-01  2.15892428837478141e-04 -6.61669759313770478e-01 -4.74612651681726339e-01  1.87057107632044195e-04 -6.61669759313770478e-01 -4.74612651681726339e-01  1.87057107632044195e-04 -6.00000000000000089e-01 -6.00000000000000200e-01 -1.08420217248550443e-19 
 3.69999999999999963e-10 -6.89999999999999836e-01 -4.76161397856456226e-01  2.13838602143543626e-04 -6.89999999999999836e-01 -4.47548013331991401e-01  2.42451986668008445e-04 -6.89999999999999836e-01 -4.76161397856456226e-01  2.13838602143543626e-04 -6.89999999999999836e-01 -4.76161397856456226e-01  2.13838602143543626e-04 -6.00000000000000089e-01 -6.00000000000000200e-01 -1.08420217248550443e-19 
 3.72999999999999953e-10 -7.00999999999999845e-01 -4.76833896167952409e-01  2.24166103832047488e-04 -7.00999999999999845e-01 -4.48306095046850928e-01  2.52693904953148999e-04 -7.00999999999999845e-01 -4.76833896167952409e-01  2.24166103832047488e-04 -7.00999999999999845e-01 -4.76833896167952409e-01  2.24166103832047488e-04 -5.73000000000000176e-01 -5.99919242273180608e-01 -2.69192422731804985e-05 
 3.78999999999999984e-10 -7.22999999999999865e-01 -4.78240672462062422e-01  2.44759327537937465e-04 -7.22999999999999865e-01 -4.49883526183160964e-01  2.73116473816838905e-04 -7.22999999999999865e-01 -4.78240672462062422e-01  2.44759327537937465e-04 -7.22999999999999865e-01 -4.78240672462062422e-01  2.44759327537937465e-04 -5.18999999999999906e-01 -5.99596694462972146e-01 -8.05966944629722074e-05 
 3.90999999999999994e-10 -7.66999999999999904e-01 -4.81422692273648423e-01  2.85577307726351474e-04 -7.66999999999999904e-01 -4.53403802212785367e-01  3.13596197787214528e-04 -7.66999999999999904e-01 -4.81422692273648423e-01  2.85577307726351474e-04 -7.66999999999999904e-01 -4.81422692273648423e-01  2.85577307726351474e-04 -4.10999999999999810e-01 -5.97991167292439729e-01 -1.86991167292439951e-04 
 4.00000000000000015e-10 -8.00000000000000044e-01 -4.84129208719180693e-01  3.15870791280819347e-04 -8.00000000000000044e-01 -4.56361358987384613e-01  3.43638641012615389e-04 -8.00000000000000044e-01 -4.84129208719180693e-01  3.15870791280819347e-04 -8.00000000000000044e-01 -4.84129208719180693e-01  3.15870791280819347e-04 -3.29999999999999627e-01 -5.95952918904553375e-01 -2.65952918904553812e-04 
 4.00114144662463145e-10  2.00114144662463134e-01 -4.84051114906558333e-01 -6.84165259569021475e-04 -7.99505373129326458e-01 -4.56400522574740675e-01  3.43104850554585747e-04 -7.99505373129326458e-01 -4.84165203116447895e-01  3.15340170012878504e-04  8.99847807116715859e-01 -4.83971253159635517e-01 -1.38381906027635129e-03 -3.28972698037831413e-01 -5.95922448015447692e-01 -2.66949749977616246e-04 
 4.00342433987389354e-10  2.00342433987389351e-01 -4.83894919052228589e-01 -6.84237353039617914e-04 -7.98516119387979617e-01 -4.56478727904697401e-01  3.42037391483282212e-04 -7.98516119387979617e-01 -4.84237070789636570e-01  3.14279048598343060e-04  8.99543421350147532e-01 -4.83655412836042742e-01 -1.38319883418619016e-03 -3.26918094113495539e-01 -5.95861278697315977e-01 -2.68943184583820508e-04 
 4.00799012637241823e-10  2.00799012637241814e-01 -4.83582477980328884e-01 -6.84381490617570732e-04 -7.96537611905285492e-01 -4.56634407662935560e-01  3.39903204242349936e-04 -7.96537611905285492e-01 -4.84380079573806188e-01  3.12157532331479271e-04  8.98934649817010989e-01 -4.83024156864894250e-01 -1.38195880668190527e-03 -3.22808886264823347e-01 -5.95737575133129305e-01 -2.72928688868305958e-04 
 4.01712169936946762e-10  2.01712169936946767e-01 -4.82957398496208445e-01 -6.84669568433155309e-04 -7.92580596939897464e-01 -4.56942845240519480e-01  3.35637751699377940e-04 -7.92580596939897464e-01 -4.84663192551221478e-01  3.07917404388675974e-04  8.97717106750737681e-01 -4.81763342657698934e-01 -1.37948044940843667e-03 -3.14590470567478853e-01 -5.95484711407625600e-01 -2.80894240840146719e-04 
 4.03538484536356640e-10  2.03538484536356645e-01 -4.81706451066876429e-01 -6.85244935603233126e-04 -7.84666567009121296e-01 -4.57548045968897255e-01  3.27118521040224090e-04 -7.84666567009121296e-01 -4.85217813391998432e-01  2.99448753617122926e-04  8.95282020618191177e-01 -4.79248497439290266e-01 -1.37453051805748157e-03 -2.98153639172789919e-01 -5.94957182459027512e-01 -2.96803543286237555e-04 
 4.07191113735176345e-10  2.07191113735176347e-01 -4.79201409550610358e-01 -6.86392523285786742e-04 -7.68838507147569294e-01 -4.58711856130030016e-01  3.10126651017539226e-04 -7.68838507147569294e-01 -4.86280740397098066e-01  2.82557766750471178e-04  8.90411848353098279e-01 -4.74245877958068440e-01 -1.36465772631116661e-03 -2.65279976383412608e-01 -5.93815117290509620e-01 -3.28535140907096996e-04 
 4.14496372132815754e-10  2.14496372132815749e-01 -4.74178797146393882e-01 -6.88675169279209603e-04 -7.37182387424465180e-01 -4.60853959076715836e-01  2.76328428347749361e-04 -7.37182387424465180e-01 -4.88222178474838064e-01  2.48960208949627134e-04  8.80671503822912372e-01 -4.64348430216482810e-01 -1.34501993403939512e-03 -1.99532650804657929e-01 -5.91184541111685835e-01 -3.91651890307027938e-04 
 4.29106888928094623e-10  2.29106888928094610e-01 -4.64083909183699017e-01 -6.93190798111793663e-04 -6.73870147978256728e-01 -4.64402822586260644e-01  2.09467325391996082e-04 -6.73870147978256728e-01 -4.91374078079112542e-01  1.82496069899144180e-04  8.61190814762540557e-01 -4.44980790956909122e-01 -1.30617160571944971e-03 -6.80379996471480730e-02 -5.84550167995757652e-01 -5.16512168348609579e-04 
 4.58327922518652362e-10  2.58327922518652331e-01 -4.43699056419046167e-01 -7.02026978937698499e-04 -5.47245669085839936e-01 -4.68612125175930705e-01  7.86335439099092358e-05 -5.47245669085839936e-01 -4.94806601846081995e-01  5.24390672397579685e-05  8.22229436641796929e-01 -4.07923774620120194e-01 -1.23015321126191714e-03  1.94951302667871529e-01 -5.65887411473671276e-01 -7.60838714141542785e-04 
 4.69999999999999928e-10  2.69999999999999907e-01 -4.35484763363025940e-01 -7.05484763363025823e-04 -4.96666666666667145e-01 -4.69231148332374837e-01  2.74355183342923415e-05 -4.96666666666667145e-01 -4.95121655021832086e-01  1.54501164483509309e-06  8.06666666666666865e-01 -3.93738939201860705e-01 -1.20040560586852753e-03  2.99999999999999711e-01 -5.56448858544664304e-01 -8.56448858544664069e-04 
 4.70300966343602576e-10  2.70300966343602567e-01 -4.35272409523947801e-01 -7.05573375867550329e-04 -4.95362479177722304e-01 -4.69239010617189811e-01  2.61234685605324628e-05 -4.95362479177722304e-01 -4.95121727479990281e-01  2.40751697732038798e-07  8.06265378208529948e-01 -3.93377886954717038e-01 -1.19964326516324707e-03 -2.00601932687205220e-01 -5.56341792819686543e-01 -3.55739860132481289e-04 
 4.70902899030807770e-10  2.70902899030807776e-01 -4.34847648523076780e-01 -7.05750547553884609e-04 -4.92754104199833121e-01 -4.69253945658794913e-01  2.35001585410381827e-05 -4.92754104199833121e-01 -4.95121087555822570e-01 -2.36698335598947533e-06  8.05462801292256336e-01 -3.92656241200153688e-01 -1.19811904249241007e-03 -2.01805798061615610e-01 -5.56128088010645949e-01 -3.54322289949030402e-04 
 4.72106764405218261e-10  2.72106764405218249e-01 -4.33997806777511153e-01 -7.06104571182729411e-04 -4.87537354244054366e-01 -4.69279081423597921e-01  1.82582728204564392e-05 -4.87537354244054366e-01 -4.95115101497403398e-01 -7.57774725334908143e-06  8.03857647459709002e-01 -3.91215700473585670e-01 -1.19507334793329464e-03 -2.04213528810436612e-01 -5.55703236698126601e-01 -3.51489707887690057e-04 
 4.74514495154039139e-10  2.74514495154039140e-01 -4.32296846233414411e-01 -7.06811341387453577e-04 -4.77103854332497246e-01 -4.69310444142719219e-01  7.79341018977805673e-06 -4.77103854332497246e-01 -4.95084332834385521e-01 -1.79804785018882461e-05  8.00647339794614554e-01 -3.88345605612733902e-01 -1.18899294540734859e-03 -2.09028990308078366e-01 -5.54863751914573378e-01 -3.45834761606495043e-04 
 4.79329956651680999e-10  2.79329956651680977e-01 -4.28889832270429261e-01 -7.08219788922110315e-04 -4.56236854509382506e-01 -4.69297761428873972e-01 -1.30609069194914510e-05 -4.56236854509382506e-01 -4.94947835065216946e-01 -3.87109805558344595e-05  7.94226724464425438e-01 -3.82649230314077271e-01 -1.17687595477850276e-03 -2.18659913303362069e-01 -5.53225530999816528e-01 -3.34565617696454525e-04 
 4.88960879646964718e-10  2.88960879646964708e-01 -4.22055554880350015e-01 -7.11016434527314708e-04 -4.14502854863153025e-01 -4.68972570316923743e-01 -5.44697154537706870e-05 -4.14502854863153025e-01 -4.94376793950474680e-01 -7.98739390873216847e-05  7.81385493804047093e-01 -3.71430687531262238e-01 -1.15281618133530927e-03 -2.37921759293929502e-01 -5.50111107363760454e-01 -3.12189348069831030e-04 
 5.08222725637532054e-10  3.08222725637532002e-01 -4.08306968047323249e-01 -7.16529693684855255e-04 -3.31034855570694619e-01 -4.67137185621614548e-01 -1.36102330050919950e-04 -3.31034855570694619e-01 -4.92056744778281541e-01 -1.61021889207586919e-04  7.55703032483290627e-01 -3.49682124335652156e-01 -1.10538515681894278e-03 -2.76445451275064202e-01 -5.44522605364719747e-01 -2.68077154089655615e-04 
 5.45222725637532030e-10  3.45222725637531980e-01 -3.81604858409287262e-01 -7.26827584046819248e-04 -1.70701522237361458e-01 -4.59280579948025236e-01 -2.88579057710663793e-04 -1.70701522237361458e-01 -4.83294863023399301e-01 -3.12593340786037851e-04  7.06369699149957397e-01 -3.10421855179408457e-01 -1.01679155432936579e-03 -3.50445451275064157e-01 -5.36128049938782381e-01 -1.85682598663718210e-04 
 5.82222725637532005e-10  3.82222725637531957e-01 -3.54528647697719024e-01 -7.36751373335251068e-04 -1.03681889040282416e-02 -4.45884809892098610e-01 -4.35516620988070369e-04 -1.03681889040282416e-02 -4.69026703695220371e-01 -4.58658514791192122e-04  6.57036365816624057e-01 -2.74380008499467476e-01 -9.31416374316091592e-04 -4.24445451275064112e-01 -5.30726718421298482e-01 -1.06281267146234395e-04 
 6.19222725637531981e-10  4.19222725637531934e-01 -3.27091926231440788e-01 -7.46314651868972738e-04  1.49965144429305086e-01 -4.27151101847694725e-01 -5.77116246276999792e-04  1.49965144429305086e-01 -4.49452298477801770e-01 -5.99417442907106916e-04  6.07703032483290828e-01 -2.41439665658987668e-01 -8.49142698142278467e-04 -4.98445451275064066e-01 -5.28209873173963396e-01 -2.97644218988993292e-05 
 6.56222725637531957e-10  4.56222725637531912e-01 -2.99307790621080372e-01 -7.55530516258612382e-04  3.10298477762638303e-01 -4.03273372069672453e-01 -7.13571849832310727e-04  3.10298477762638303e-01 -4.24764412317536977e-01 -7.35062890080175231e-04  5.58369699149957488e-01 -2.11488155433560338e-01 -7.69857854583517868e-04 -5.72445451275064077e-01 -5.28472726772137857e-01  4.39727245029261637e-05 
 6.93222725637531932e-10  4.93222725637531834e-01 -2.71188861704469042e-01 -7.64411587342000878e-04  4.70631811095971297e-01 -3.74438492236130738e-01 -8.45070303332102124e-04  4.70631811095971297e-01 -3.95148807408716940e-01 -8.65780618504688243e-04  5.09036365816624148e-01 -1.84416899711494997e-01 -6.93453265528119148e-04 -6.46445451275063920e-01 -5.31414298501748372e-01  1.15031152773315513e-04 
 7.00000000000000064e-10  5.00000000000000000e-01 -2.66002842464928169e-01 -7.66002842464928117e-04  5.00000000000000000e-01 -3.68631378997844150e-01 -8.68631378997844093e-04  5.00000000000000000e-01 -3.89201808703466989e-01 -8.89201808703466985e-04  5.00000000000000000e-01 -1.79763566097950467e-01 -6.79763566097950529e-04 -6.60000000000000253e-01 -5.32237039660826028e-01  1.27762960339174191e-04 
 7.00074452980564200e-10  5.00000000000000000e-01 -2.65945815516012374e-01 -7.65945815516012440e-04  5.00000000000000000e-01 -3.68566711617345499e-01 -8.68566711617345540e-04 -4.00000000000000022e-01 -3.89202612601141196e-01  1.07973873988588130e-05  5.00000000000000000e-01 -1.79712959442191927e-01 -6.79712959442191995e-04 -6.60148905961128518e-01 -5.32246562371527565e-01  1.27902343589600940e-04 
 7.00223358941692472e-10  5.00000000000000000e-01 -2.65831770109201282e-01 -7.65831770109201256e-04  5.00000000000000000e-01 -3.68437386484989804e-01 -8.68437386484989743e-04 -4.00000000000000022e-01 -3.89204220276793300e-01  1.07957797232067034e-05  5.00000000000000000e-01 -1.79611753665746554e-01 -6.79611753665746560e-04 -6.60446717883385048e-01 -5.32265628546382041e-01  1.28181089337003071e-04 
 7.00521170863949119e-10  5.00000000000000000e-01 -2.65603730234116708e-01 -7.65603730234116781e-04  5.00000000000000000e-01 -3.68178793983526320e-01 -8.68178793983526327e-04 -4.00000000000000022e-01 -3.89207434910026961e-01  1.07925650899730525e-05  5.00000000000000000e-01 -1.79409387316554952e-01 -6.79409387316554981e-04 -6.61042341727898330e-01 -5.32303885398262122e-01  1.28738456329636282e-04 
 7.01116794708462412e-10  5.00000000000000000e-01 -2.65147854162270324e-01 -7.65147854162270304e-04  5.00000000000000000e-01 -3.67661839947604097e-01 -8.67661839947604131e-04 -4.00000000000000022e-01 -3.89213861305281017e-01  1.07861386947190004e-05  5.00000000000000000e-01 -1.79004835365677212e-01 -6.79004835365677219e-04 -6.62233589416924895e-01 -5.32380896925371161e-01  1.29852692491553754e-04 
 7.02308042397489000e-10  5.00000000000000000e-01 -2.64236916125651367e-01 -7.64236916125651420e-04  5.00000000000000000e-01 -3.66628855056342184e-01 -8.66628855056342283e-04 -4.00000000000000022e-01 -3.89226702619481779e-01  1.07732973805182140e-05  5.00000000000000000e-01 -1.78196453915976938e-01 -6.78196453915976905e-04 -6.64616084794978135e-01 -5.32536909791289426e-01  1.32079175003688739e-04 
 7.04690537775542174e-10  5.00000000000000000e-01 -2.62418291637463164e-01 -7.62418291637463261e-04  5.00000000000000000e-01 -3.64566572504007647e-01 -8.64566572504007732e-04 -4.00000000000000022e-01 -3.89252339410928794e-01  1.07476605890712072e-05  5.00000000000000000e-01 -1.76582576526820328e-01 -6.76582576526820324e-04 -6.69381075551084503e-01 -5.32856882932234877e-01  1.36524192618849645e-04 
 7.09455528531648524e-10  5.00000000000000000e-01 -2.58794010358919191e-01 -7.58794010358919153e-04  5.00000000000000000e-01 -3.60456712500450360e-01 -8.60456712500450352e-04 -4.00000000000000022e-01 -3.89303430190738931e-01  1.06965698092610618e-05  5.00000000000000000e-01 -1.73366329497609190e-01 -6.73366329497609214e-04 -6.78911057063297241e-01 -5.33528524402256510e-01  1.45382532661040707e-04 
 7.18985510043861119e-10  5.00000000000000000e-01 -2.51597011103544432e-01 -7.51597011103544415e-04  5.00000000000000000e-01 -3.52295464210919784e-01 -8.52295464210919796e-04 -4.00000000000000022e-01 -3.89404884872643797e-01  1.05951151273562323e-05  5.00000000000000000e-01 -1.66979593564234668e-01 -6.66979593564234708e-04 -6.97971020087722382e-01 -5.34997836539585769e-01  1.62973183548136610e-04 
 7.38045473068286310e-10  5.00000000000000000e-01 -2.37406832007086593e-01 -7.37406832007086619e-04  5.00000000000000000e-01 -3.36204094631769812e-01 -8.36204094631769765e-04 -4.00000000000000022e-01 -3.89604921034288509e-01  1.03950789657114768e-05  5.00000000000000000e-01 -1.54386994409984907e-01 -6.54386994409984985e-04 -7.36090946136572777e-01 -5.38434629013738730e-01  1.97656317122834007e-04 
 7.69999999999999926e-10  5.00000000000000000e-01 -2.14213905038803193e-01 -7.14213905038803233e-04  5.00000000000000000e-01 -3.09903795182974118e-01 -8.09903795182974210e-04 -4.00000000000000022e-01 -3.89931867160655532e-01  1.00681328393444633e-05  5.00000000000000000e-01 -1.33805208194313630e-01 -6.33805208194313657e-04 -8.00000000000000044e-01 -5.45656351550250163e-01  2.54343648449749816e-04 
 7.73699999999999924e-10  5.00000000000000000e-01 -2.11581055134804380e-01 -7.11581055134804358e-04  5.00000000000000000e-01 -3.06918197850925667e-01 -8.06918197850925749e-04 -4.00000000000000022e-01 -3.89968981927523606e-01  1.00310180724764303e-05  5.00000000000000000e-01 -1.31468773731507033e-01 -6.31468773731507079e-04 -7.83966666666666923e-01 -5.46534849274600720e-01  2.37431817392066221e-04 
 7.81099999999999919e-10  5.00000000000000000e-01 -2.06334766594406221e-01 -7.06334766594406203e-04  5.00000000000000000e-01 -3.00969015162774800e-01 -8.00969015162774798e-04 -4.00000000000000022e-01 -3.90042937824441216e-01  9.95706217555880927e-06  5.00000000000000000e-01 -1.26813130685165310e-01 -6.26813130685165316e-04 -7.51900000000000346e-01 -5.48167158512455233e-01  2.03732841487545098e-04 
 7.95899999999999909e-10  5.00000000000000000e-01 -1.95957801589842662e-01 -6.95957801589842657e-04  5.00000000000000000e-01 -2.89201751489547410e-01 -7.89201751489547465e-04 -4.00000000000000022e-01 -3.90189219857593972e-01  9.81078014240604167e-06  5.00000000000000000e-01 -1.17604440657231468e-01 -6.17604440657231520e-04 -6.87766666666666970e-01 -5.50689155124872376e-01  1.37077511541794589e-04 
 8.17519489854005091e-10  5.00000000000000000e-01 -1.81072455751220940e-01 -6.81072455751220956e-04  5.00000000000000000e-01 -2.72322077203934365e-01 -7.72322077203934417e-04 -4.00000000000000022e-01 -3.90399055647971949e-01  9.60094435202807047e-06  5.00000000000000000e-01 -1.04394939061516340e-01 -6.04394939061516333e-04 -5.94082210632644547e-01 -5.52619133349190217e-01  4.14630772834543139e-05 
 8.54519489854005067e-10  5.00000000000000000e-01 -1.56330501050391119e-01 -6.56330501050391172e-04  5.00000000000000000e-01 -2.44265212347237692e-01 -7.44265212347237698e-04 -4.00000000000000022e-01 -3.90747838113386925e-01  9.25216188661306818e-06  5.00000000000000000e-01 -8.24385200676272384e-02 -5.82438520067627211e-04 -4.33748877299311386e-01 -5.51213111938116285e-01 -1.17464234638804872e-04 
 8.91519489854005043e-10  5.00000000000000000e-01 -1.32487370428040124e-01 -6.32487370428040175e-04  5.00000000000000000e-01 -2.17227595403842677e-01 -7.17227595403842734e-04 -4.00000000000000022e-01 -3.91083950032684702e-01  8.91604996731531346e-06  5.00000000000000000e-01 -6.12797323970310573e-02 -5.61279732397031075e-04 -2.73415543965978225e-01 -5.44033589750288593e-01 -2.70618045784310401e-04 
 9.28519489854005018e-10  5.00000000000000000e-01 -1.09510411463054846e-01 -6.09510411463054882e-04  5.00000000000000000e-01 -1.91172199203604842e-01 -6.91172199203604880e-04 -4.00000000000000022e-01 -3.91407851700618648e-01  8.59214829938137600e-06  5.00000000000000000e-01 -4.08895997522690097e-02 -5.40889599752269025e-04 -1.13082210632645008e-01 -5.31290306136458335e-01 -4.18208095503813291e-04 
 9.65519489854005097e-10  5.00000000000000000e-01 -8.73681579292963084e-02 -5.87368157929296381e-04  5.00000000000000000e-01 -1.66063341696944644e-01 -6.66063341696944661e-04 -4.00000000000000022e-01 -3.91719986690385102e-01  8.28001330961490719e-06  5.00000000000000000e-01 -2.12401984848817303e-02 -5.21240198484881705e-04  4.72511227006887635e-02 -5.13185381050245359e-01 -5.60436503750934181e-04 
 1.00251948985400507e-09  5.00000000000000000e-01 -6.60302867035879454e-02 -5.66030286703587981e-04  5.00000000000000000e-01 -1.41866637089397313e-01 -6.41866637089397347e-04 -4.00000000000000022e-01 -3.92020782461082906e-01  7.97921753891708222e-06  5.00000000000000000e-01 -2.30461935484675131e-03 -5.02304619354846781e-04  2.07584456034021869e-01 -4.89913591845089591e-01 -6.97498047879111438e-04 
 1.03951948985400505e-09  5.00000000000000000e-01 -4.54675762391473573e-02 -5.45467576239147328e-04  5.00000000000000000e-01 -1.18548948751343572e-01 -6.18548948751343561e-04 -4.00000000000000022e-01 -3.92310650943105466e-01  7.68934905689456789e-06  5.00000000000000000e-01  1.59430693207834179e-02 -4.84056930679216597e-04  3.67917789367355086e-01 -4.61662640015738812e-01 -8.29580429383093869e-04 
 1.05001747505726890e-09  5.00000000000000000e-01 -3.97711661095546398e-02 -5.39771166109554693e-04  5.00000000000000000e-01 -1.12089337491569463e-01 -6.12089337491569536e-04 -4.00000000000000022e-01 -3.92390952115467873e-01  7.60904788453211538e-06  5.00000000000000000e-01  2.09981576951137408e-02 -4.79001842304886270e-04  4.13409058581498456e-01 -4.52761654813089831e-01 -8.66170713394588286e-04 
 1.05696022310172545e-09  5.00000000000000000e-01 -3.60366348563709860e-02 -5.36036634856370967e-04  5.00000000000000000e-01 -1.07854456297232407e-01 -6.07854456297232432e-04 -4.00000000000000022e-01 -3.92443597067469618e-01  7.55640293253036568e-06  5.00000000000000000e-01  2.43122423716136231e-02 -4.75687757628386380e-04  4.43494300107476924e-01 -4.46664777203169994e-01 -8.90159077310646884e-04 
 1.06160502539074387e-09  5.00000000000000000e-01 -3.35526195477880290e-02 -5.33552619547788035e-04  5.00000000000000000e-01 -1.05037634317821871e-01 -6.05037634317821902e-04 -4.00000000000000022e-01 -3.92478613742341553e-01  7.52138625765847845e-06  5.00000000000000000e-01  2.65165985577743429e-02 -4.73483401442225673e-04  4.63621776693223353e-01 -4.42493108496806287e-01 -9.06114885190029639e-04 
 1.06537053455956956e-09  5.00000000000000000e-01 -3.15472977955521122e-02 -5.31547297795552159e-04  5.00000000000000000e-01 -1.02763640929789749e-01 -6.02763640929789794e-04 -4.00000000000000022e-01 -3.92506882368371834e-01  7.49311763162819732e-06  5.00000000000000000e-01  2.82961541806845754e-02 -4.71703845819315432e-04  4.79938983091467986e-01 -4.39056872881819826e-01 -9.18995855973287834e-04 
 1.06864181384935647e-09  5.00000000000000000e-01 -2.98112975994756328e-02 -5.29811297599475594e-04  5.00000000000000000e-01 -1.00795052615670677e-01 -6.00795052615670714e-04 -4.00000000000000022e-01 -3.92531354421436052e-01  7.46864557856397222e-06  5.00000000000000000e-01  2.98367094092191511e-02 -4.70163290590780881e-04  4.94114526680544452e-01 -4.36032341732747020e-01 -9.30146868413291548e-04 
 1.07000000000000023e-09  5.00000000000000000e-01 -2.90922035644011444e-02 -5.29092203564401117e-04  5.00000000000000000e-01 -9.99796148539701113e-02 -5.99979614853970089e-04 -4.00000000000000022e-01 -3.92541491348507909e-01  7.45850865149208292e-06  5.00000000000000000e-01  3.04748453253588757e-02 -4.69525154674641139e-04 -2.00000000000000427e-01 -4.35240934945421598e-01 -2.35240934945421190e-04 
 1.07023021722175270e-09  5.00000000000000000e-01 -2.89704254626619098e-02 -5.28970425462661873e-04  5.00000000000000000e-01 -9.98415210055124402e-02 -5.99841521005512433e-04 -4.00000000000000022e-01 -3.92543208030438295e-01  7.45679196956173986e-06  5.00000000000000000e-01  3.05829132229198317e-02 -4.69417086777080173e-04 -2.00460434443505364e-01 -4.35186896871369577e-01 -2.34726462427864245e-04 
 1.07069065166525763e-09  5.00000000000000000e-01 -2.87269253171104494e-02 -5.28726925317110456e-04  5.00000000000000000e-01 -9.95653968771267883e-02 -5.99565396877126794e-04 -4.00000000000000022e-01 -3.92546640604061581e-01  7.45335939593844967e-06  5.00000000000000000e-01  3.07989992713120254e-02 -4.69201000728687980e-04 -2.01381303330515210e-01 -4.35079057549611514e-01 -2.33697754219096298e-04 
 1.07161152055226748e-09  5.00000000000000000e-01 -2.82402612187748168e-02 -5.28240261218774826e-04  5.00000000000000000e-01 -9.90135298559996629e-02 -5.99013529855999699e-04 -4.00000000000000022e-01 -3.92553501012064876e-01  7.44649898793515530e-06  5.00000000000000000e-01  3.12308730250854920e-02 -4.68769126974914534e-04 -2.03223041104534929e-01 -4.34864799210213482e-01 -2.31641758105678562e-04 
 1.07345325832628719e-09  5.00000000000000000e-01 -2.72682762466496219e-02 -5.27268276246649586e-04  5.00000000000000000e-01 -9.79113190025968083e-02 -5.97911319002596814e-04 -4.00000000000000022e-01 -3.92567202892899481e-01  7.43279710710051909e-06  5.00000000000000000e-01  3.20934285329989022e-02 -4.67906571467001137e-04 -2.06906516652574340e-01 -4.34441957214336427e-01 -2.27535440561762076e-04 
 1.07713673387432661e-09  5.00000000000000000e-01 -2.53296668539857092e-02 -5.25329666853985712e-04  5.00000000000000000e-01 -9.57129760504100424e-02 -5.95712976050410069e-04 -4.00000000000000022e-01 -3.92594531087928134e-01  7.40546891207186520e-06  5.00000000000000000e-01  3.38137825068662370e-02 -4.66186217493133799e-04 -2.14273467748653190e-01 -4.33618919793934521e-01 -2.19345452045281329e-04 
 1.08450368497040565e-09  5.00000000000000000e-01 -2.14737919100253180e-02 -5.21473791910025347e-04  5.00000000000000000e-01 -9.13404936206612117e-02 -5.91340493620661259e-04 -4.00000000000000022e-01 -3.92648886598054470e-01  7.35111340194555350e-06  5.00000000000000000e-01  3.72355495774685172e-02 -4.62764450422531470e-04 -2.29007369940811278e-01 -4.32063015678785023e-01 -2.03055645737973753e-04 
 1.09923758716256354e-09  5.00000000000000000e-01 -1.38466369419016737e-02 -5.13846636941901660e-04  5.00000000000000000e-01 -8.26914576504130389e-02 -5.82691457650412990e-04 -4.00000000000000022e-01 -3.92756405100373740e-01  7.24359489962629003e-06  5.00000000000000000e-01  4.40040127905157036e-02 -4.55995987209484299e-04 -2.58475174325127066e-01 -4.29308593224245028e-01 -1.70833418899117985e-04 
 1.12870539154687951e-09  5.00000000000000000e-01  1.07543489213383307e-03 -4.98924565107866191e-04  5.00000000000000000e-01 -6.57701368456581614e-02 -5.65770136845658231e-04 -4.00000000000000022e-01 -3.92966758609880340e-01  7.03324139011968349e-06  5.00000000000000000e-01  5.72461056407627678e-02 -4.42753894359237217e-04 -3.17410783093759030e-01 -4.25203345270873778e-01 -1.07792562177114757e-04 
 1.16570539154687948e-09  5.00000000000000000e-01  1.92003331827485108e-02 -4.80799666817251497e-04  5.00000000000000000e-01 -4.52168770878875678e-02 -5.45216877087887622e-04 -4.00000000000000022e-01 -3.93222261733527367e-01  6.77773826647266051e-06  5.00000000000000000e-01  7.33304395546476723e-02 -4.26669560445352308e-04 -3.91410783093758985e-01 -4.22631597798558245e-01 -3.12208147047992723e-05 
 1.20270539154687946e-09  5.00000000000000000e-01  3.66667913783678551e-02 -4.63333208621632140e-04  5.00000000000000000e-01 -2.54102747783619444e-02 -5.25410274778361983e-04 -4.00000000000000022e-01 -3.93468482956757071e-01  6.53151704324295970e-06  5.00000000000000000e-01  8.88304628599771023e-02 -4.11169537140022910e-04 -4.65410783093758884e-01 -4.22841543656115759e-01  4.25692394376431119e-05 
 1.23970539154687944e-09  5.00000000000000000e-01  5.34987292468022124e-02 -4.46501270753197775e-04  5.00000000000000000e-01 -6.32320539515193649e-03 -5.06323205395151988e-04 -4.00000000000000022e-01 -3.93705759471828176e-01  6.29424052817182007e-06  5.00000000000000000e-01  1.03767402353527272e-01 -3.96232597646472727e-04 -5.39410783093758894e-01 -4.25732129673977999e-01  1.13678653419780934e-04 
 1.27670539154687941e-09  5.00000000000000000e-01  6.97191976001338976e-02 -4.30280802399866122e-04  5.00000000000000000e-01  1.20704702058501440e-02 -4.87929529794149859e-04 -4.00000000000000022e-01 -3.93934416221501549e-01  6.06558377849844609e-06  5.00000000000000000e-01  1.18161713706418259e-01 -3.81838286293581736e-04 -6.13410783093758738e-01 -4.31205973735374060e-01  1.82204809358384721e-04 
 1.31370539154687939e-09  5.00000000000000000e-01  8.53504098620829071e-02 -4.14649590137917111e-04  5.00000000000000000e-01  2.97959415876700197e-02 -4.70204058412329986e-04 -4.00000000000000022e-01 -3.94154766344039009e-01  5.84523365596098955e-06  5.00000000000000000e-01  1.32033109477515481e-01 -3.67966890522484537e-04 -6.87410783093758804e-01 -4.39169231414569150e-01  2.48241551679189701e-04 
 1.35070539154687936e-09  5.00000000000000000e-01  1.00413772488595371e-01 -3.99586227511404633e-04  5.00000000000000000e-01  4.68774832285695775e-02 -4.53122516771430419e-04 -4.00000000000000022e-01 -3.94367111602036580e-01  5.63288839796341955e-06  5.00000000000000000e-01  1.45400586109161956e-01 -3.54599413890838090e-04 -7.61410783093758869e-01 -4.49531467459861223e-01  3.11879315633897694e-04 
 1.37000000000000003e-09  5.00000000000000000e-01  1.08049963632589230e-01 -3.91950036367410778e-04  5.00000000000000000e-01  5.55367660353461301e-02 -4.44463233964653888e-04 -4.00000000000000022e-01 -3.94474757485548388e-01  5.52524251445164804e-06  5.00000000000000000e-01  1.52177068173828062e-01 -3.47822931826171906e-04 -8.00000000000000044e-01 -4.55860282649475868e-01  3.44139717350524176e-04 
 1.37370000000000013e-09  5.00000000000000000e-01  1.09494832751409005e-01 -3.90505167248591037e-04  5.00000000000000000e-01  5.71752177297460626e-02 -4.42824782270253973e-04 -4.00000000000000022e-01 -3.94495125521120149e-01  5.50487447887985926e-06  5.00000000000000000e-01  1.53459268878975819e-01 -3.46540731121024181e-04 -7.83966666666666256e-01 -4.57069801052249147e-01  3.26896865614417136e-04 
 1.38110000000000012e-09  5.00000000000000000e-01  1.12373918372251427e-01 -3.87626081627748579e-04  5.00000000000000000e-01  6.04400412714416607e-02 -4.39559958728558359e-04 -4.00000000000000022e-01 -3.94535711424421454e-01  5.46428857557858120e-06  5.00000000000000000e-01  1.56014216981292780e-01 -3.43985783018707267e-04 -7.51899999999999680e-01 -4.59361711123864036e-01  2.92538288876135642e-04 
 1.39590000000000011e-09  5.00000000000000000e-01  1.18068643415025529e-01 -3.81931356584974506e-04  5.00000000000000000e-01  6.68977416776186107e-02 -4.33102258322381377e-04 -4.00000000000000022e-01 -3.94615988842446364e-01  5.38401115755365563e-06  5.00000000000000000e-01  1.61067809981766119e-01 -3.38932190018233909e-04 -6.87766666666666304e-01 -4.63188373828549382e-01  2.24578292838116945e-04 
 1.41553639563614183e-09  5.00000000000000000e-01  1.25495480483277688e-01 -3.74504519516722289e-04  5.00000000000000000e-01  7.53196212928807368e-02 -4.24680378707119246e-04 -4.00000000000000022e-01 -3.94720683502759906e-01  5.27931649724010634e-06  5.00000000000000000e-01  1.67658507784006594e-01 -3.32341492215993436e-04 -6.02675618910052724e-01 -4.66728087687698190e-01  1.35947531222354548e-04 
 1.45253639563614180e-09  5.00000000000000000e-01  1.39100455664542932e-01 -3.60899544335457055e-04  5.00000000000000000e-01  9.07473817368310287e-02 -4.09252618263168991e-04 -4.00000000000000022e-01 -3.94912470159998807e-01  5.08752984000121955e-06  5.00000000000000000e-01  1.79731787324499181e-01 -3.20268212675500817e-04 -4.42342285576719729e-01 -4.68754491211076096e-01 -2.64122056343563485e-05 
 1.48953639563614178e-09  5.00000000000000000e-01  1.52211190215757325e-01 -3.47788809784242670e-04  5.00000000000000000e-01  1.05614683529405617e-01 -3.94385316470594386e-04 -4.00000000000000022e-01 -3.95097289604358248e-01  4.90271039564176827e-06  5.00000000000000000e-01  1.91366469571915526e-01 -3.08633530428084482e-04 -2.82008952243386513e-01 -4.64882701053846936e-01 -1.82873748810460424e-04 
 1.52653639563614175e-09  5.00000000000000000e-01  1.64845638877531453e-01 -3.35154361122468568e-04  5.00000000000000000e-01  1.19941886975072756e-01 -3.80058113024927266e-04 -4.00000000000000022e-01 -3.95275394940282299e-01  4.72460505971771926e-06  5.00000000000000000e-01  2.02578487859435552e-01 -2.97421512140564465e-04 -1.21675618910053407e-01 -4.55326986402247835e-01 -3.33651367492194466e-04 
 1.56353639563614173e-09  5.00000000000000000e-01  1.77021104131857787e-01 -3.22978895868142226e-04  5.00000000000000000e-01  1.33748612730519328e-01 -3.66251387269480645e-04 -4.00000000000000022e-01 -3.95447030077454020e-01  4.55296992254598581e-06  5.00000000000000000e-01  2.13383196695175276e-01 -2.86616803304824740e-04  3.86577144232799208e-02 -4.40293832485823877e-01 -4.78951546909103809e-04 
 1.60053639563614170e-09  5.00000000000000000e-01  1.88754259897318005e-01 -3.11245740102681972e-04  5.00000000000000000e-01  1.47053768674525992e-01 -3.52946231325473999e-04 -4.00000000000000022e-01 -3.95612430064821885e-01  4.38756993517810988e-06  5.00000000000000000e-01  2.23795392789705033e-01 -2.76204607210295012e-04  1.98991047756613026e-01 -4.19982223352487083e-01 -6.18973271109100106e-04 
 1.63753639563614168e-09  5.00000000000000000e-01  2.00061174363492994e-01 -2.99938825636506998e-04  5.00000000000000000e-01  1.59875575801715547e-01 -3.40124424198284489e-04 -4.00000000000000022e-01 -3.95771821412491676e-01  4.22817858750833492e-06  5.00000000000000000e-01  2.33829335319681364e-01 -2.66170664680318633e-04  3.59324381089946243e-01 -3.94583914370942201e-01 -7.53908295460888360e-04 
 1.67000000000000002e-09  5.00000000000000000e-01  2.09642743595943259e-01 -2.90357256404056717e-04  5.00000000000000000e-01  1.70740877121700746e-01 -3.29259122878299264e-04 -4.00000000000000022e-01 -3.95906890908004350e-01  4.09310909199568033e-06  5.00000000000000000e-01  2.42332178010585597e-01 -2.57667821989414412e-04  4.99999999999999112e-01 -3.68253308114584177e-01 -8.68253308114583363e-04 
 1.67033182316171736e-09  5.00000000000000000e-01  2.09739058899142405e-01 -2.90260941100857592e-04  5.00000000000000000e-01  1.70850096683298258e-01 -3.29149903316701756e-04 -4.00000000000000022e-01 -3.95908248645875704e-01  4.09175135412432906e-06  5.00000000000000000e-01  2.42417649800431456e-01 -2.57582350199568578e-04 -2.00663646323434280e-01 -3.68197716429746080e-01 -1.67534070106311814e-04 
 1.67099546948515224e-09  5.00000000000000000e-01  2.09931625607446742e-01 -2.90068374392553298e-04  5.00000000000000000e-01  1.71068463347376409e-01 -3.28931536652623570e-04 -4.00000000000000022e-01 -3.95910963220859446e-01  4.08903677914058614e-06  5.00000000000000000e-01  2.42588536675899802e-01 -2.57411463324100202e-04 -2.01990938970304040e-01 -3.68087010221396782e-01 -1.66096071251092717e-04 
 1.67232276213202201e-09  5.00000000000000000e-01  2.10316375889757129e-01 -2.89683624110242868e-04  5.00000000000000000e-01  1.71504762209163442e-01 -3.28495237790836546e-04 -4.00000000000000022e-01 -3.95916386969858203e-01  4.08361303014183503e-06  5.00000000000000000e-01  2.42929970427136183e-01 -2.57070029572863828e-04 -2.04645524264043560e-01 -3.67868458873920223e-01 -1.63222934609876663e-04 
 1.67497734742576133e-09  5.00000000000000000e-01  2.11084346456471145e-01 -2.88915653543528859e-04  5.00000000000000000e-01  1.72375624946758454e-01 -3.27624375053241549e-04 -4.00000000000000022e-01 -3.95927212899776226e-01  4.07278710022379500e-06  5.00000000000000000e-01  2.43611480184212248e-01 -2.56388519815787771e-04 -2.09954694851522211e-01 -3.67442781493642456e-01 -1.57488086642120271e-04 
 1.68028651801324018e-09  5.00000000000000000e-01  2.12614187852056186e-01 -2.87385812147943813e-04  5.00000000000000000e-01  1.74110433445404306e-01 -3.25889566554595661e-04 -4.00000000000000022e-01 -3.95948778772808541e-01  4.05122122719149243e-06  5.00000000000000000e-01  2.44969086690319554e-01 -2.55030913309680436e-04 -2.20573036026479902e-01 -3.66636976745923659e-01 -1.46063940719443763e-04 
 1.69090485918819767e-09  5.00000000000000000e-01  2.15649632759463028e-01 -2.84350367240536971e-04  5.00000000000000000e-01  1.77552565183855982e-01 -3.22447434816144039e-04 -4.00000000000000022e-01 -3.95991568842196440e-01  4.00843115780358510e-06  5.00000000000000000e-01  2.47662790604410765e-01 -2.52337209395589240e-04 -2.41809718376394922e-01 -3.65206364523646076e-01 -1.23396646147251165e-04 
 1.71214154153811286e-09  5.00000000000000000e-01  2.21624844349377792e-01 -2.78375155650622251e-04  5.00000000000000000e-01  1.84328331532776807e-01 -3.15671668467223205e-04 -4.00000000000000022e-01 -3.96075800223868013e-01  3.92419977613198264e-06  5.00000000000000000e-01  2.52965291996546604e-01 -2.47034708003453425e-04 -2.84283083076225296e-01 -3.63059620682127604e-01 -7.87765376059023064e-05 
 1.74914154153811283e-09  5.00000000000000000e-01  2.31737638418178044e-01 -2.68262361581821953e-04  5.00000000000000000e-01  1.95796030829082451e-01 -3.04203969170917525e-04 -4.00000000000000022e-01 -3.96218358291336725e-01  3.78164170866326791e-06  5.00000000000000000e-01  2.61939552375660745e-01 -2.38060447624339241e-04 -3.58283083076225251e-01 -3.61541965413184618e-01 -3.25888233695937040e-06 
 1.78614154153811281e-09  5.00000000000000000e-01  2.41483055579226058e-01 -2.58516944420773983e-04  5.00000000000000000e-01  2.06847132310991055e-01 -2.93152867689008942e-04 -4.00000000000000022e-01 -3.96355737518848283e-01  3.64426248115174399e-06  5.00000000000000000e-01  2.70587796422887550e-01 -2.29412203577112435e-04 -4.32283083076225205e-01 -3.62767710482926886e-01  6.95153725932983108e-05 
 1.82314154153811279e-09  5.00000000000000000e-01  2.50874441876298815e-01 -2.49125558123701170e-04  5.00000000000000000e-01  2.17496770116090005e-01 -2.82503229883910006e-04 -4.00000000000000022e-01 -3.96488126042954914e-01  3.51187395704512110e-06  5.00000000000000000e-01  2.78921867637765386e-01 -2.21078132362234603e-04 -5.06283083076225160e-01 -3.66637193827013319e-01  1.39645889249211900e-04 
 1.86014154153811276e-09  5.00000000000000000e-01  2.59924658518986051e-01 -2.40075341481013952e-04  5.00000000000000000e-01  2.27759528590026822e-01 -2.72240471409973214e-04 -4.00000000000000022e-01 -3.96615705165596688e-01  3.38429483440330419e-06  5.00000000000000000e-01  2.86953179269972269e-01 -2.13046820730027715e-04 -5.80283083076225115e-01 -3.73054373897922342e-01  2.07228709178302836e-04 
 1.89714154153811274e-09  5.00000000000000000e-01  2.68646099495714108e-01 -2.31353900504285891e-04  5.00000000000000000e-01  2.37649462259314020e-01 -2.62350537740686026e-04 -4.00000000000000022e-01 -3.96738649602389026e-01  3.26135039761099978e-06  5.00000000000000000e-01  2.94692729949413645e-01 -2.05307270050586336e-04 -6.54283083076225180e-01 -3.81926698139058551e-01  2.72356384937166688e-04 
 1.93414154153811292e-09  5.00000000000000000e-01  2.77050708546925262e-01 -2.22949291453074737e-04  5.00000000000000000e-01  2.47180115078563273e-01 -2.52819884921436739e-04 -4.00000000000000022e-01 -3.96857127721889857e-01  3.14287227811017996e-06  5.00000000000000000e-01  3.02151118748502145e-01 -1.97848881251497862e-04 -7.28283083076225468e-01 -3.93164976236923203e-01  3.35118106839302297e-04 
 1.97000000000000002e-09  5.00000000000000000e-01  2.84904513779256741e-01 -2.15095486220743246e-04  5.00000000000000000e-01  2.56086167760284200e-01 -2.43913832239715789e-04 -4.00000000000000022e-01 -3.96967841268371646e-01  3.03215873162835346e-06  5.00000000000000000e-01  3.09120715147111924e-01 -1.90879284852888103e-04 -7.99999999999999600e-01 -4.06233318686659572e-01  3.93766681313340039e-04 
 1.97369999999999992e-09  5.00000000000000000e-01  2.85697433276135004e-01 -2.14302566723864976e-04  5.00000000000000000e-01  2.56985322068630173e-01 -2.43014677931369842e-04 -4.00000000000000022e-01 -3.96979018898447333e-01  3.02098110155265545e-06  5.00000000000000000e-01  3.09824364996624357e-01 -1.90175635003375621e-04 -7.83966666666668033e-01 -4.07625779967446589e-01  3.76340886699221445e-04 
 1.98110000000000012e-09  5.00000000000000000e-01  2.87277426295719063e-01 -2.12722573704280955e-04  5.00000000000000000e-01  2.58777001471531432e-01 -2.41222998528468598e-04 -4.00000000000000022e-01 -3.97001291749051466e-01  2.99870825094854460e-06  5.00000000000000000e-01  3.11226476881674596e-01 -1.88773523118325394e-04 -7.51900000000000568e-01 -4.10282227008302858e-01  3.41617772991697675e-04 
 1.99590000000000011e-09  5.00000000000000000e-01  2.90402594144461623e-01 -2.09597405855538365e-04  5.00000000000000000e-01  2.62320877169586963e-01 -2.37679122830413022e-04 -4.00000000000000022e-01 -3.97045346625082674e-01  2.95465337491732007e-06  5.00000000000000000e-01  3.13999802414880014e-01 -1.86000197585119999e-04 -6.87766666666667303e-01 -4.14829930376984846e-01  2.72936736289682480e-04 
 2.01438528888397869e-09  5.00000000000000000e-01  2.94241580356458532e-01 -2.05758419643541491e-04  5.00000000000000000e-01  2.66674208126623513e-01 -2.33325791873376489e-04 -4.00000000000000022e-01 -3.97099464058078611e-01  2.90053594192139254e-06  5.00000000000000000e-01  3.17406582145971283e-01 -1.82593417854028713e-04 -6.07663748169426698e-01 -4.19095457251653758e-01  1.88568290917772959e-04 
 2.05135586665193585e-09  5.00000000000000000e-01  3.01710522458880859e-01 -1.98289477541119155e-04  5.00000000000000000e-01  2.75143833979714758e-01 -2.24856166020285251e-04 -4.00000000000000022e-01 -3.97204752264771255e-01  2.79524773522875055e-06  5.00000000000000000e-01  3.24034644650523007e-01 -1.75965355349476989e-04 -4.47457911174945933e-01 -4.23032703601669779e-01  2.44252075732761783e-05 
 2.08835586665193603e-09  5.00000000000000000e-01  3.08913969360227247e-01 -1.91086030639772762e-04  5.00000000000000000e-01  2.83312393766411486e-01 -2.16687606233588524e-04 -4.00000000000000022e-01 -3.97306297837872413e-01  2.69370216212760482e-06  5.00000000000000000e-01  3.30427102331358191e-01 -1.69572897668641834e-04 -2.87124577841611828e-01 -4.21007731597295154e-01 -1.33883153755683321e-04 
 2.12535586665193622e-09  5.00000000000000000e-01  3.15855729923478712e-01 -1.84144270076521278e-04  5.00000000000000000e-01  2.91184206658549716e-01 -2.08815793341450312e-04 -4.00000000000000022e-01 -3.97404154470173576e-01  2.59584552982642302e-06  5.00000000000000000e-01  3.36587335236355478e-01 -1.63412664763644508e-04 -1.26791244508277723e-01 -4.13231744011996138e-01 -2.86440499503718392e-04 
 2.16235586665193640e-09  5.00000000000000000e-01  3.22545310672453900e-01 -1.77454689327546120e-04  5.00000000000000000e-01  2.98770052857502688e-01 -2.01229947142497333e-04 -4.00000000000000022e-01 -3.97498456173269898e-01  2.50154382673008994e-06  5.00000000000000000e-01  3.42523779611667079e-01 -1.57476220388332944e-04  3.35420888250563820e-02 -3.99913663355830951e-01 -4.33455752180887308e-04 
 2.19935586665193658e-09  5.00000000000000000e-01  3.28991872778609140e-01 -1.71008127221390866e-04  5.00000000000000000e-01  3.06080320942207995e-01 -1.93919679057792010e-04 -4.00000000000000022e-01 -3.97589332090392156e-01  2.41066790960782831e-06  5.00000000000000000e-01  3.48244565232058101e-01 -1.51755434767941917e-04  1.93875422158390487e-01 -3.81254822415860894e-01 -5.75130244574251453e-04 
 2.23635586665193676e-09  5.00000000000000000e-01  3.35204244606975843e-01 -1.64795755393024144e-04  5.00000000000000000e-01  3.13125022096001071e-01 -1.86874977903998948e-04 -4.00000000000000022e-01 -3.97676906673264496e-01  2.32309332673553840e-06  5.00000000000000000e-01  3.53757526534379030e-01 -1.46242473465620971e-04  3.54208755491723704e-01 -3.57449239975100919e-01 -7.11657995466824620e-04 
 2.25316347037686561e-09  5.00000000000000000e-01  3.37950983311332664e-01 -1.62049016688667314e-04  5.00000000000000000e-01  3.16239766971926906e-01 -1.83760233028073118e-04 -4.00000000000000022e-01 -3.97715626908134390e-01  2.28437309186563676e-06  5.00000000000000000e-01  3.56195027798479558e-01 -1.43804972201520441e-04  4.27041704966417246e-01 -3.44980683997123172e-01 -7.72022388963540442e-04 
 2.26635110401741407e-09  5.00000000000000000e-01  3.40074027411337187e-01 -1.59925972588662816e-04  5.00000000000000000e-01  3.18647255067305069e-01 -1.81352744932694924e-04 -4.00000000000000022e-01 -3.97745555042929577e-01  2.25444495707041162e-06  5.00000000000000000e-01  3.58079052175932555e-01 -1.41920947824067465e-04  4.84188117408791863e-01 -3.34491883820618341e-01 -8.18680001229410252e-04 
 2.27000000000000023e-09  5.00000000000000000e-01  3.40656517926576641e-01 -1.59343482073423385e-04  5.00000000000000000e-01  3.19307787263083120e-01 -1.80692212736916879e-04 -4.00000000000000022e-01 -3.97753766297070321e-01  2.24623370292969431e-06  5.00000000000000000e-01  3.58595963873783730e-01 -1.41404036126216253e-04  3.00000000000000044e-01 -3.31845475528228406e-01 -6.31845475528228467e-04 
 2.27007922253186618e-09  5.00000000000000000e-01  3.40669140520668989e-01 -1.59330859479331029e-04  5.00000000000000000e-01  3.19322101023692184e-01 -1.80677898976307802e-04 -4.00000000000000022e-01 -3.97753944235294699e-01  2.24605576470531801e-06  5.00000000000000000e-01  3.58607165372130610e-01 -1.41392834627869371e-04 -2.00158445063731927e-01 -3.31835043774691030e-01 -1.31676598710959124e-04 
 2.27023766759559769e-09  5.00000000000000000e-01  3.40694383709024273e-01 -1.59305616290975711e-04  5.00000000000000000e-01  3.19350726277145336e-01 -1.80649273722854669e-04 -4.00000000000000022e-01 -3.97754300083552392e-01  2.24569991644761081e-06  5.00000000000000000e-01  3.58629566594142912e-01 -1.41370433405857085e-04 -2.00475335191194121e-01 -3.31814207023194752e-01 -1.31338871832000631e-04 
 2.27055455772306070e-09  5.00000000000000000e-01  3.40744858088660008e-01 -1.59255141911340012e-04  5.00000000000000000e-01  3.19407963179616727e-01 -1.80592036820383258e-04 -4.00000000000000022e-01 -3.97755011610947118e-01  2.24498838905288177e-06  5.00000000000000000e-01  3.58674358391765147e-01 -1.41325641608234837e-04 -2.01109115446120118e-01 -3.31772694028241055e-01 -1.30663578582120927e-04 
 2.27118833797798671e-09  5.00000000000000000e-01  3.40845758878634664e-01 -1.59154241121365334e-04  5.00000000000000000e-01  3.19522382588369125e-01 -1.80477617411630895e-04 -4.00000000000000022e-01 -3.97756433989522817e-01  2.24356601047717447e-06  5.00000000000000000e-01  3.58763899418263865e-01 -1.41236100581736124e-04 -2.02376675955972141e-01 -3.31690309816252693e-01 -1.29313633860280575e-04 
 2.27245589848783874e-09  5.00000000000000000e-01  3.41047368733310596e-01 -1.58952631266689385e-04  5.00000000000000000e-01  3.19751003993379967e-01 -1.80248996006620048e-04 -4.00000000000000022e-01 -3.97759276043960996e-01  2.24072395603903008e-06  5.00000000000000000e-01  3.58942811331089073e-01 -1.41057188668910940e-04 -2.04911796975676214e-01 -3.31528106471509321e-01 -1.26616309495833118e-04 
 2.27499101950754321e-09  5.00000000000000000e-01  3.41449822755146959e-01 -1.58550177244853050e-04  5.00000000000000000e-01  3.20207378529597131e-01 -1.79792621470402879e-04 -4.00000000000000022e-01 -3.97764949359091124e-01  2.23505064090890075e-06  5.00000000000000000e-01  3.59299955672999993e-01 -1.40700044327000029e-04 -2.09982039015085969e-01 -3.31213943862570581e-01 -1.21231904847484610e-04 
 2.28006126154695173e-09  5.00000000000000000e-01  3.42251677729768611e-01 -1.57748322270231370e-04  5.00000000000000000e-01  3.21116665484878716e-01 -1.78883334515121293e-04 -4.00000000000000022e-01 -3.97776252950837961e-01  2.22374704916204194e-06  5.00000000000000000e-01  3.60011535012951578e-01 -1.39988464987048447e-04 -2.20122523093902206e-01 -3.30626465445317763e-01 -1.10503942351415537e-04 
 2.29020174562576878e-09  5.00000000000000000e-01  3.43843252411350608e-01 -1.56156747588649420e-04  5.00000000000000000e-01  3.22921478252925331e-01 -1.77078521747074690e-04 -4.00000000000000022e-01 -3.97798689065851918e-01  2.20131093414807286e-06  5.00000000000000000e-01  3.61423924656026407e-01 -1.38576075343973583e-04 -2.40403491251536316e-01 -3.29613865521313221e-01 -8.92103742697769218e-05 
 2.31048271378340288e-09  5.00000000000000000e-01  3.46978469814634094e-01 -1.53021530185365917e-04  5.00000000000000000e-01  3.26476749937960664e-01 -1.73523250062039352e-04 -4.00000000000000022e-01 -3.97842885608475583e-01  2.15711439152443734e-06  5.00000000000000000e-01  3.64206168329810009e-01 -1.35793831670190011e-04 -2.80965427566804538e-01 -3.28229944064329038e-01 -4.72645164975244781e-05 
 2.34748271378340306e-09  5.00000000000000000e-01  3.52537425746748456e-01 -1.47462574253251564e-04  5.00000000000000000e-01  3.32780490980960575e-01 -1.67219509019039402e-04 -4.00000000000000022e-01 -3.97921249116071407e-01  2.07875088392857864e-06  5.00000000000000000e-01  3.69139277580469938e-01 -1.30860722419530071e-04 -3.54965427566805714e-01 -3.27857055394315644e-01  2.71083721724901176e-05 
 2.38448271378340325e-09  5.00000000000000000e-01  3.57894436298903884e-01 -1.42105563701096119e-04  5.00000000000000000e-01  3.38855230140218677e-01 -1.61144769859781340e-04 -4.00000000000000022e-01 -3.97996765839395306e-01  2.00323416060468494e-06  5.00000000000000000e-01  3.73893177167630042e-01 -1.26106822832369964e-04 -4.28965427566805280e-01 -3.30185980058411932e-01  9.87794475083933086e-05 
 2.42148271378340343e-09  5.00000000000000000e-01  3.63056837729380577e-01 -1.36943162270619406e-04  5.00000000000000000e-01  3.44709286580878294e-01 -1.55290713419121724e-04 -4.00000000000000022e-01 -3.98069539196236166e-01  1.93046080376382953e-06  5.00000000000000000e-01  3.78474377407981233e-01 -1.21525622592018778e-04 -5.02965427566806511e-01 -3.35118566762202363e-01  1.67846860804604116e-04 
 2.45848271378340361e-09  5.00000000000000000e-01  3.68031699785357935e-01 -1.31968300214642094e-04  5.00000000000000000e-01  3.50350677250006848e-01 -1.49649322749993144e-04 -4.00000000000000022e-01 -3.98139668847428407e-01  1.86033115257157712e-06  5.00000000000000000e-01  3.82889152111864139e-01 -1.17110847888135864e-04 -5.76965427566806022e-01 -3.42560229844942055e-01  2.34405197721863922e-04 
 2.49548271378340379e-09  5.00000000000000000e-01  3.72825835384711590e-01 -1.27174164615288386e-04  5.00000000000000000e-01  3.55787127855553942e-01 -1.44212872144446080e-04 -4.00000000000000022e-01 -3.98207250833334359e-01  1.79274916666563285e-06  5.00000000000000000e-01  3.87143547175056058e-01 -1.12856452824943929e-04 -6.50965427566807309e-01 -3.52419819747454510e-01  2.98545607819352841e-04 
 2.53248271378340398e-09  5.00000000000000000e-01  3.77445809946091670e-01 -1.22554190053908354e-04  5.00000000000000000e-01  3.61026083446466528e-01 -1.38973916553533454e-04 -4.00000000000000022e-01 -3.98272377705368330e-01  1.72762229463165615e-06  5.00000000000000000e-01  3.91243388858436403e-01 -1.08756611141563625e-04 -7.24965427566806708e-01 -3.64609498185663516e-01  3.60355929381143253e-04 
 2.56948271378340416e-09  5.00000000000000000e-01  3.81897950380057860e-01 -1.18102049619942136e-04  5.00000000000000000e-01  3.66074718608450533e-01 -1.33925281391549455e-04 -4.00000000000000022e-01 -3.98335138652743281e-01  1.66486134725672003e-06  5.00000000000000000e-01  3.95194291766868155e-01 -1.04805708233131833e-04 -7.98965427566807884e-01 -3.79044617858812438e-01  4.19920809707995482e-04 
 2.57000000000000002e-09  5.00000000000000000e-01  3.81959027145393537e-01 -1.18040972854606472e-04  5.00000000000000000e-01  3.66143978397001080e-01 -1.33856021602998918e-04 -4.00000000000000022e-01 -3.98335999639882365e-01  1.66400036011765977e-06  5.00000000000000000e-01  3.95248492296564280e-01 -1.04751507703435703e-04 -7.99999999999998934e-01 -3.79262048453841039e-01  4.20737951546157915e-04 
 2.57103457243319174e-09  5.00000000000000000e-01  3.82081022868483999e-01 -1.17918977131516005e-04  5.00000000000000000e-01  3.66282319023569669e-01 -1.33717680976430350e-04 -4.00000000000000022e-01 -3.98337719389578182e-01  1.66228061042181978e-06  5.00000000000000000e-01  3.95356753314904386e-01 -1.04643246685095603e-04 -7.95516852789505235e-01 -3.79692249125834325e-01  4.15824603663670939e-04 
 2.57310371729957517e-09  5.00000000000000000e-01  3.82324762148724684e-01 -1.17675237851275324e-04  5.00000000000000000e-01  3.66558714325746549e-01 -1.33441285674253444e-04 -4.00000000000000022e-01 -3.98341155334236141e-01  1.65884466576384990e-06  5.00000000000000000e-01  3.95573051575366985e-01 -1.04426948424633011e-04 -7.86550558368510400e-01 -3.80542494548309573e-01  4.06008063820200826e-04 
 2.57724200703234205e-09  5.00000000000000000e-01  3.82810730837707447e-01 -1.17189269162292571e-04  5.00000000000000000e-01  3.67109792767051912e-01 -1.32890207232948070e-04 -4.00000000000000022e-01 -3.98348005939190730e-01  1.65199406080928203e-06  5.00000000000000000e-01  3.96004308211402367e-01 -1.03995691788597662e-04 -7.68617969526520617e-01 -3.82182175688280557e-01  3.86435793838240120e-04 
 2.58551858649787580e-09  5.00000000000000000e-01  3.83776659842354539e-01 -1.16223340157645474e-04  5.00000000000000000e-01  3.68205136278599021e-01 -1.31794863721401007e-04 -4.00000000000000022e-01 -3.98361622450243757e-01  1.63837754975625647e-06  5.00000000000000000e-01  3.96861489553815450e-01 -1.03138510446184575e-04 -7.32752791842541051e-01 -3.85219552203687643e-01  3.47533239638853487e-04 
 2.60207174542894330e-09  5.00000000000000000e-01  3.85684730961242284e-01 -1.14315269038757722e-04  5.00000000000000000e-01  3.70368849459991434e-01 -1.29631150540008579e-04 -4.00000000000000022e-01 -3.98388520153237613e-01  1.61147984676241742e-06  5.00000000000000000e-01  3.98554743359466945e-01 -1.01445256640533073e-04 -6.61022436474581809e-01 -3.90336294046497889e-01  2.70686142428083884e-04 
 2.63517806329107831e-09  5.00000000000000000e-01  3.89407662320062797e-01 -1.10592337679937195e-04  5.00000000000000000e-01  3.74590576614058313e-01 -1.25409423385941694e-04 -4.00000000000000022e-01 -3.98441001583811683e-01  1.55899841618834878e-06  5.00000000000000000e-01  4.01858534098240294e-01 -9.81414659017597118e-05 -5.17561725738663547e-01 -3.96815732400562615e-01  1.20745993338100912e-04 
 2.67217806329107849e-09  5.00000000000000000e-01  3.93425253379618589e-01 -1.06574746620381419e-04  5.00000000000000000e-01  3.79146441773881404e-01 -1.20853558226118572e-04 -4.00000000000000022e-01 -3.98497636774188646e-01  1.50236322581136705e-06  5.00000000000000000e-01  4.05423810719119204e-01 -9.45761892808808153e-05 -3.57228392405327833e-01 -3.98289895470609778e-01 -4.10615030652819284e-05 
 2.70917806329107868e-09  5.00000000000000000e-01  3.97296893659396688e-01 -1.02703106340603311e-04  5.00000000000000000e-01  3.83536801768350144e-01 -1.16463198231649872e-04 -4.00000000000000022e-01 -3.98552214525150938e-01  1.44778547484907807e-06  5.00000000000000000e-01  4.08859568208949975e-01 -9.11404317910500432e-05 -1.96895059071995560e-01 -3.93885926614368165e-01 -1.96990867542372572e-04 
 2.74617806329107886e-09  5.00000000000000000e-01  4.01027885249580607e-01 -9.89721147504194127e-05  5.00000000000000000e-01  3.87767669058061593e-01 -1.12232330941938383e-04 -4.00000000000000022e-01 -3.98604809579220121e-01  1.39519042077990239e-06  5.00000000000000000e-01  4.12170511730077960e-01 -8.78294882699220416e-05 -3.65617257386596783e-02 -3.83817366216003375e-01 -3.47255640477343722e-04 
 2.78317806329107904e-09  5.00000000000000000e-01  4.04623337626375423e-01 -9.53766623736245801e-05  5.00000000000000000e-01  3.91844837683345548e-01 -1.08155162316654445e-04 -4.00000000000000022e-01 -3.98655493963676555e-01  1.34450603632343263e-06  5.00000000000000000e-01  4.15361175516025083e-01 -8.46388244839749062e-05  1.23771607594672650e-01 -3.68289997178862127e-01 -4.92061604773534871e-04 
 2.82017806329107922e-09  5.00000000000000000e-01  4.08088174649275881e-01 -9.19118253507241476e-05  5.00000000000000000e-01  3.95773891199021677e-01 -1.04226108800978333e-04 -4.00000000000000022e-01 -3.98704337089198391e-01  1.29566291080161723e-06  5.00000000000000000e-01  4.18435929080980484e-01 -8.15640709190195248e-05  2.84104940928008531e-01 -3.47502126738717332e-01 -6.31607067666725914e-04 
 2.85717806329107940e-09  5.00000000000000000e-01  4.11427141304137767e-01 -8.85728586958622237e-05  5.00000000000000000e-01  3.99560210320902942e-01 -1.00439789679097034e-04 -4.00000000000000022e-01 -3.98751405844917250e-01  1.24859415508274440e-06  5.00000000000000000e-01  4.21398983203713662e-01 -7.86010167962863417e-05  4.44438274261340860e-01 -3.21644858039320636e-01 -7.66083132300661505e-04 
 2.86774186944782357e-09  5.00000000000000000e-01  4.12357891680869504e-01 -8.76421083191304922e-05  5.00000000000000000e-01  4.00615661996045092e-01 -9.93843380039548989e-05 -4.00000000000000022e-01 -3.98764526449776724e-01  1.23547355022326968e-06  5.00000000000000000e-01  4.22224946451053851e-01 -7.77750535489461271e-05  4.90214767607232149e-01 -3.13354108265377185e-01 -8.03568875872609305e-04 
 2.87000000000000064e-09  5.00000000000000000e-01  4.12555575805041930e-01 -8.74444241949580751e-05  5.00000000000000000e-01  4.00839831703866611e-01 -9.91601682961333695e-05 -4.00000000000000022e-01 -3.98767313163964632e-01  1.23268683603535703e-06  5.00000000000000000e-01  4.22400374605831908e-01 -7.75996253941681202e-05 -2.00000000000000844e-01 -3.12320009927664566e-01 -1.12320009927663735e-04 
 2.87011074039287865e-09  5.00000000000000000e-01  4.12565258362682097e-01 -8.74347416373179136e-05  5.00000000000000000e-01  4.00850811523952022e-01 -9.91491884760479559e-05 -4.00000000000000022e-01 -3.98767449657073891e-01  1.23255034292611568e-06  5.00000000000000000e-01  4.22408967067302799e-01 -7.75910329326972149e-05 -2.00221480785756051e-01 -3.12307597467067211e-01 -1.12086116681311135e-04 
 2.87033222117863427e-09  5.00000000000000000e-01  4.12584621333699497e-01 -8.74153786663004937e-05  5.00000000000000000e-01  4.00872768732573048e-01 -9.91272312674269362e-05 -4.00000000000000022e-01 -3.98767722613065201e-01  1.23227738693481009e-06  5.00000000000000000e-01  4.22426150087390040e-01 -7.75738499126099601e-05 -2.00664442357268102e-01 -3.12282824342996312e-01 -1.11618381985728192e-04 
 2.87077518275014550e-09  5.00000000000000000e-01  4.12623334413004750e-01 -8.73766655869952528e-05  5.00000000000000000e-01  4.00916668563745859e-01 -9.90833314362541198e-05 -4.00000000000000022e-01 -3.98768268343724419e-01  1.23173165627557969e-06  5.00000000000000000e-01  4.22460504712966201e-01 -7.75394952870337752e-05 -2.01550365500290568e-01 -3.12233588808781048e-01 -1.10683223308490498e-04 
 2.87166110589316796e-09  5.00000000000000000e-01  4.12700709149173783e-01 -8.72992908508262171e-05  5.00000000000000000e-01  4.01004409914106574e-01 -9.89955900858934478e-05 -4.00000000000000022e-01 -3.98769359080150598e-01  1.23064091984943303e-06  5.00000000000000000e-01  4.22529168330995242e-01 -7.74708316690047704e-05 -2.03322211786335499e-01 -3.12136359908189664e-01 -1.08814148121854130e-04 
 2.87343295217921330e-09  5.00000000000000000e-01  4.12855253159327362e-01 -8.71447468406726295e-05  5.00000000000000000e-01  4.01179659624960605e-01 -9.88203403750394119e-05 -4.00000000000000022e-01 -3.98771537656642916e-01  1.22846234335710364e-06  5.00000000000000000e-01  4.22666313236519320e-01 -7.73336867634806784e-05 -2.06865904358425334e-01 -3.11946865280908037e-01 -1.05080960922482688e-04 
 2.87697664475130357e-09  5.00000000000000000e-01  4.13163521147912882e-01 -8.68364788520871260e-05  5.00000000000000000e-01  4.01529229147658706e-01 -9.84707708523412930e-05 -4.00000000000000022e-01 -3.98775883249801177e-01  1.22411675019883743e-06  5.00000000000000000e-01  4.22939875337882298e-01 -7.70601246621177029e-05 -2.13953289502606697e-01 -3.11587684829812805e-01 -9.76343953272061182e-05 
 2.88406402989548452e-09  5.00000000000000000e-01  4.13776791476593853e-01 -8.62232085234061339e-05  5.00000000000000000e-01  4.02224665015215421e-01 -9.77753349847845722e-05 -4.00000000000000022e-01 -3.98784528400913552e-01  1.21547159908643679e-06  5.00000000000000000e-01  4.23484101550235137e-01 -7.65158984497648709e-05 -2.28128059790967785e-01 -3.10948209399324715e-01 -8.28201496083569224e-05 
 2.89823880018384642e-09  5.00000000000000000e-01  4.14990384450127037e-01 -8.50096155498729399e-05  5.00000000000000000e-01  4.03600854344683180e-01 -9.63991456553167972e-05 -4.00000000000000022e-01 -3.98801636182187780e-01  1.19836381781224591e-06  5.00000000000000000e-01  4.24561063986596043e-01 -7.54389360134039835e-05 -2.56477600367691627e-01 -3.09982024639618770e-01 -5.35044242719271692e-05 
 2.92658834076057021e-09  5.00000000000000000e-01  4.17366684488391260e-01 -8.26333155116087351e-05  5.00000000000000000e-01  4.06295529435584890e-01 -9.37044705644151342e-05 -4.00000000000000022e-01 -3.98835134416095860e-01  1.16486558390414482e-06  5.00000000000000000e-01  4.26669831863920490e-01 -7.33301681360795264e-05 -3.13176681521139200e-01 -3.09278862406725530e-01  3.89781911441366025e-06 
 2.96358834076057039e-09  5.00000000000000000e-01  4.20368582057296158e-01 -7.96314179427038663e-05  5.00000000000000000e-01  4.09699619186084163e-01 -9.03003808139158553e-05 -4.00000000000000022e-01 -3.98877451575255948e-01  1.12254842474408811e-06  5.00000000000000000e-01  4.29333765316090299e-01 -7.06662346839097202e-05 -3.87176681521140376e-01 -3.10764595648977293e-01  7.64120858721630989e-05 
 3.00058834076057057e-09  5.00000000000000000e-01  4.23261426891739012e-01 -7.67385731082610126e-05  5.00000000000000000e-01  4.12980045391400707e-01 -8.70199546085992826e-05 -4.00000000000000022e-01 -3.98918231439483295e-01  1.08176856051671365e-06  5.00000000000000000e-01  4.31900923571666762e-01 -6.80990764283332392e-05 -4.61176681521139942e-01 -3.14884622332600228e-01  1.46292059188539718e-04 
 3.03758834076057076e-09  5.00000000000000000e-01  4.26049180652176507e-01 -7.39508193478235110e-05  5.00000000000000000e-01  4.16141300492547606e-01 -8.38586995074524187e-05 -4.00000000000000022e-01 -3.98957529855525628e-01  1.04247014447438491e-06  5.00000000000000000e-01  4.34374822273530636e-01 -6.56251777264693745e-05 -5.35176681521141173e-01 -3.21543244021334496e-01  2.13633437499806747e-04 
 3.07458834076057094e-09  5.00000000000000000e-01  4.28735661080128727e-01 -7.12643389198712538e-05  5.00000000000000000e-01  4.19187713729440914e-01 -8.08122862705591086e-05 -4.00000000000000022e-01 -3.98995400641333764e-01  1.00459935866624656e-06  5.00000000000000000e-01  4.36758849348522604e-01 -6.32411506514774175e-05 -6.09176681521140684e-01 -3.30648238805323513e-01  2.78528442715817240e-04 
 3.11158834076057112e-09  5.00000000000000000e-01  4.31324547226456745e-01 -6.86754527735432426e-05  5.00000000000000000e-01  4.22123457069657593e-01 -7.78765429303423921e-05 -4.00000000000000022e-01 -3.99031895659763436e-01  9.68104340236600192e-07  5.00000000000000000e-01  4.39056269647103536e-01 -6.09437303528964766e-05 -6.83176681521141860e-01 -3.42110735006094568e-01  3.41065946515047317e-04 
 3.14858834076057130e-09  5.00000000000000000e-01  4.33819384489707582e-01 -6.61806155102924129e-05  5.00000000000000000e-01  4.24952550921815331e-01 -7.50474490781846476e-05 -4.00000000000000022e-01 -3.99067064889600143e-01  9.32935110399850040e-07  5.00000000000000000e-01  4.41270229414464532e-01 -5.87297705855354714e-05 -7.57176681521141370e-01 -3.55845089469576825e-01  4.01331592051564563e-04 
 3.17000000000000001e-09  5.00000000000000000e-01  4.35221411415875781e-01 -6.47785885841242379e-05  5.00000000000000000e-01  4.26542420455916227e-01 -7.34575795440837553e-05 -4.00000000000000022e-01 -3.99086828987214870e-01  9.13171012785160031e-07  5.00000000000000000e-01  4.42514411250697237e-01 -5.74855887493027511e-05 -7.99999999999999600e-01 -3.64800845117901007e-01  4.35199154882098566e-04 
 3.17369999999999991e-09  5.00000000000000000e-01  4.35460208643893287e-01 -6.45397913561066884e-05  5.00000000000000000e-01  4.26813211573095708e-01 -7.31867884269043166e-05 -4.00000000000000022e-01 -3.99090195264735326e-01  9.09804735264700421e-07  5.00000000000000000e-01  4.42726323852443149e-01 -5.72736761475568269e-05 -7.83966666666668033e-01 -3.66346041431271918e-01  4.17620625235396120e-04 
 3.18110000000000011e-09  5.00000000000000000e-01  4.35936042514606659e-01 -6.40639574853933257e-05  5.00000000000000000e-01  4.27352797340116664e-01 -7.26472026598833521e-05 -4.00000000000000022e-01 -3.99096903001151360e-01  9.03096998848638283e-07  5.00000000000000000e-01  4.43148586683460133e-01 -5.68514133165398628e-05 -7.51900000000002344e-01 -3.69306832464524004e-01  3.82593167535478357e-04 
 3.19590000000000010e-09  5.00000000000000000e-01  4.36877224339883297e-01 -6.31227756601166856e-05  5.00000000000000000e-01  4.28420078062139775e-01 -7.15799219378602017e-05 -4.00000000000000022e-01 -3.99110170656087448e-01  8.89829343912566795e-07  5.00000000000000000e-01  4.43983806970421169e-01 -5.60161930295788530e-05 -6.87766666666667303e-01 -3.74456517011732826e-01  3.13310149654934462e-04 
 3.21338625951655356e-09  5.00000000000000000e-01  4.37971438718188333e-01 -6.20285612818116607e-05  5.00000000000000000e-01  4.29660894533900994e-01 -7.03391054660990078e-05 -4.00000000000000022e-01 -3.99125595580802073e-01  8.74404419197937714e-07  5.00000000000000000e-01  4.44954830870905371e-01 -5.50451691290946123e-05 -6.11992875428270744e-01 -3.79230896489406666e-01  2.32761978938864111e-04 
 3.24835877854966048e-09  5.00000000000000000e-01  4.40103452806570261e-01 -5.98965471934297653e-05  5.00000000000000000e-01  4.32078554410559756e-01 -6.79214455894402666e-05 -4.00000000000000022e-01 -3.99155650163757869e-01  8.44349836242122304e-07  5.00000000000000000e-01  4.46846815364103866e-01 -5.31531846358961556e-05 -4.60445292951474350e-01 -3.84626814449946175e-01  7.58184785015281800e-05 
 3.28535877854966066e-09  5.00000000000000000e-01  4.42279370574029052e-01 -5.77206294259709619e-05  5.00000000000000000e-01  4.34546000151167622e-01 -6.54539998488324021e-05 -4.00000000000000022e-01 -3.99186323648235974e-01  8.13676351764044698e-07  5.00000000000000000e-01  4.48777760706792317e-01 -5.12222392932076636e-05 -3.00111959618138469e-01 -3.84468853760589091e-01 -8.43568941424506220e-05 
 3.32235877854966084e-09  5.00000000000000000e-01  4.44376241746106404e-01 -5.56237582538935717e-05  5.00000000000000000e-01  4.36923808687649462e-01 -6.30761913123505276e-05 -4.00000000000000022e-01 -3.99215882828417801e-01  7.84117171582208485e-07  5.00000000000000000e-01  4.50638558795990796e-01 -4.93614412040091900e-05 -1.39778626284806085e-01 -3.78492052827906322e-01 -2.38713426543100255e-04 
 3.35935877854966102e-09  5.00000000000000000e-01  4.46396937922241888e-01 -5.36030620777581306e-05  5.00000000000000000e-01  4.39215236354372041e-01 -6.07847636456279399e-05 -4.00000000000000022e-01 -3.99244368184675569e-01  7.55631815324466893e-07  5.00000000000000000e-01  4.52431757936440804e-01 -4.75682420635591954e-05  2.05547070485297967e-02 -3.66907798091763437e-01 -3.87462505140293240e-04 
 3.39635877854966121e-09  5.00000000000000000e-01  4.48344226382602240e-01 -5.16557736173977418e-05  5.00000000000000000e-01  4.41423421189804710e-01 -5.85765788101952649e-05 -4.00000000000000022e-01 -3.99271818726812999e-01  7.28181273187023404e-07  5.00000000000000000e-01  4.54159813858239170e-01 -4.58401861417608134e-05  1.80888040381862014e-01 -3.49919796759551816e-01 -5.30807837141413809e-04 
 3.43335877854966139e-09  5.00000000000000000e-01  4.50220773877785030e-01 -4.97792261222149862e-05  5.00000000000000000e-01  4.43551387233964922e-01 -5.64486127660350826e-05 -4.00000000000000022e-01 -3.99298272047488467e-01  7.01727952511562326e-07  5.00000000000000000e-01  4.55825093079883836e-01 -4.41749069201161689e-05  3.41221373715197895e-01 -3.27724355776833121e-01 -6.68945729492031018e-04 
 3.44929783635055851e-09  5.00000000000000000e-01  4.51007934540579469e-01 -4.89920654594205255e-05  5.00000000000000000e-01  4.44444011143578344e-01 -5.55559888564216521e-05 -4.00000000000000022e-01 -3.99309368496413686e-01  6.90631503586316454e-07  5.00000000000000000e-01  4.56523632444974681e-01 -4.34763675550253444e-05  4.10290624185750241e-01 -3.16600196053447802e-01 -7.26890820239198070e-04 
 3.46143089750634285e-09  5.00000000000000000e-01  4.51598773921774110e-01 -4.84012260782259096e-05  5.00000000000000000e-01  4.45114010780657987e-01 -5.48859892193420337e-05 -4.00000000000000022e-01 -3.99317697442874542e-01  6.82302557125462599e-07  5.00000000000000000e-01  4.57047953064281698e-01 -4.29520469357182969e-05  4.62867222527482580e-01 -3.07516931637710988e-01 -7.70384154165193675e-04 
 3.47000000000000022e-09  5.00000000000000000e-01  4.52011759530850876e-01 -4.79882404691490982e-05  5.00000000000000000e-01  4.45582327918965515e-01 -5.44176720810345062e-05 -4.00000000000000022e-01 -3.99323519219717038e-01  6.76480780282954271e-07  5.00000000000000000e-01  4.57414443310544705e-01 -4.25855566894553159e-05  3.00000000000000044e-01 -3.01638430561642634e-01 -6.01638430561642588e-04 
 3.47013912538727387e-09  5.00000000000000000e-01  4.52018434984665596e-01 -4.79815650153343786e-05  5.00000000000000000e-01  4.45589897745513275e-01 -5.44101022544867408e-05 -4.00000000000000022e-01 -3.99323613322275506e-01  6.76386677724526413e-07  5.00000000000000000e-01  4.57420367218445367e-01 -4.25796327815546397e-05 -2.00278250774547306e-01 -3.01624330749017455e-01 -1.01346079974470177e-04 
 3.47041737616182117e-09  5.00000000000000000e-01  4.52031784035103190e-01 -4.79682159648968029e-05  5.00000000000000000e-01  4.45605035292591656e-01 -5.43949647074083394e-05 -4.00000000000000022e-01 -3.99323801501211884e-01  6.76198498788117396e-07  5.00000000000000000e-01  4.57432213386144204e-01 -4.25677866138557859e-05 -2.00834752323641924e-01 -3.01596212459228685e-01 -1.00761460135586771e-04 
 3.47097387771091577e-09  5.00000000000000000e-01  4.52058470995927386e-01 -4.79415290040726100e-05  5.00000000000000000e-01  4.45635297754160942e-01 -5.43647022458390583e-05 -4.00000000000000022e-01 -3.99324177702045591e-01  6.75822297954394632e-07  5.00000000000000000e-01  4.57455895835676252e-01 -4.25441041643237505e-05 -2.01947755421831104e-01 -3.01540463756667987e-01 -9.95927083348368755e-05 
 3.47208688080910497e-09  5.00000000000000000e-01  4.52111800388351137e-01 -4.78881996116488785e-05  5.00000000000000000e-01  4.45695772182079786e-01 -5.43042278179202095e-05 -4.00000000000000022e-01 -3.99324929475993629e-01  6.75070524006396704e-07  5.00000000000000000e-01  4.57503221218771683e-01 -4.24967787812283019e-05 -2.04173761618209521e-01 -3.01430916502847257e-01 -9.72571548846377020e-05 
 3.47431288700548295e-09  5.00000000000000000e-01  4.52218281303831127e-01 -4.77817186961688707e-05  5.00000000000000000e-01  4.45816519337733530e-01 -5.41834806622664648e-05 -4.00000000000000022e-01 -3.99326430516500241e-01  6.73569483499770767e-07  5.00000000000000000e-01  4.57597714140749900e-01 -4.24022858592500943e-05 -2.08625774010964660e-01 -3.01219611759851846e-01 -9.25938377488871877e-05 
 3.47876489939823893e-09  5.00000000000000000e-01  4.52430533632614540e-01 -4.75694663673854835e-05  5.00000000000000000e-01  4.46057209088248363e-01 -5.39427909117516386e-05 -4.00000000000000022e-01 -3.99329422595801176e-01  6.70577404198813634e-07  5.00000000000000000e-01  4.57786070360763464e-01 -4.22139296392365598e-05 -2.17529798796476603e-01 -3.00828074824689984e-01 -8.32982760282134031e-05 
 3.48766892418375128e-09  5.00000000000000000e-01  4.52852216005035446e-01 -4.71477839949645304e-05  5.00000000000000000e-01  4.46535388176300285e-01 -5.34646118236996966e-05 -4.00000000000000022e-01 -3.99335366969204741e-01  6.64633030795255646e-07  5.00000000000000000e-01  4.58160278258367470e-01 -4.18397217416325543e-05 -2.35337848367502184e-01 -3.00168602546480534e-01 -6.48307541789783703e-05 
 3.50547697375477600e-09  5.00000000000000000e-01  4.53684416148874559e-01 -4.63155838511254388e-05  5.00000000000000000e-01  4.47479085925800768e-01 -5.25209140741992177e-05 -4.00000000000000022e-01 -3.99347098330829153e-01  6.52901669170879734e-07  5.00000000000000000e-01  4.58898786402361869e-01 -4.11012135976381509e-05 -2.70953947509551596e-01 -2.99338610164598562e-01 -2.83846626550469418e-05 
 3.54109307289682543e-09  5.00000000000000000e-01  4.55305134738159534e-01 -4.46948652618404919e-05  5.00000000000000000e-01  4.49316947282356605e-01 -5.06830527176433906e-05 -4.00000000000000022e-01 -3.99369945281773553e-01  6.30054718226476674e-07  5.00000000000000000e-01  4.60337038830183620e-01 -3.96629611698163598e-05 -3.42186145793650476e-01 -2.99591659409953970e-01  4.25944863836965216e-05 
 3.57809307289682561e-09  5.00000000000000000e-01  4.56928806819345557e-01 -4.30711931806544647e-05  5.00000000000000000e-01  4.51158157837636742e-01 -4.88418421623632720e-05 -4.00000000000000022e-01 -3.99392833867511843e-01  6.07166132488153824e-07  5.00000000000000000e-01  4.61777912235468990e-01 -3.82220877645310223e-05 -4.16186145793650042e-01 -3.02483162597186828e-01  1.13702983196463240e-04 
 3.61509307289682580e-09  5.00000000000000000e-01  4.58493494249570477e-01 -4.15065057504295106e-05  5.00000000000000000e-01  4.52932481018792743e-01 -4.70675189812072678e-05 -4.00000000000000022e-01 -3.99414890958235458e-01  5.85109041764545271e-07  5.00000000000000000e-01  4.63166441687886787e-01 -3.68335583121132343e-05 -4.90186145793651218e-01 -3.07957890509085785e-01  1.82228255284565450e-04 
 3.65209307289682598e-09  5.00000000000000000e-01  4.60001339819296362e-01 -3.99986601807036349e-05  5.00000000000000000e-01  4.54642346705886213e-01 -4.53576532941137858e-05 -4.00000000000000022e-01 -3.99436146760439925e-01  5.63853239560088790e-07  5.00000000000000000e-01  4.64504528735062205e-01 -3.54954712649377976e-05 -5.64186145793650784e-01 -3.15921999930321828e-01  2.48264145863328896e-04 
 3.68909307289682616e-09  5.00000000000000000e-01  4.61454408475836353e-01 -3.85455915241636536e-05  5.00000000000000000e-01  4.56290096506457798e-01 -4.37099034935421998e-05 -4.00000000000000022e-01 -3.99456630383281108e-01  5.43369616718889208e-07  5.00000000000000000e-01  4.65794005845325099e-01 -3.42059941546749122e-05 -6.38186145793651960e-01 -3.26285056775626803e-01  3.11901089018025218e-04 
 3.72609307289682634e-09  5.00000000000000000e-01  4.62854690151235482e-01 -3.71453098487645227e-05  5.00000000000000000e-01  4.57877986962286099e-01 -4.21220130377138809e-05 -4.00000000000000022e-01 -3.99476369878439264e-01  5.23630121560772922e-07  5.00000000000000000e-01  4.67036638917217972e-01 -3.29633610827820040e-05 -7.12186145793651582e-01 -3.38959912243144701e-01  3.73226233550506944e-04 
 3.76309307289682611e-09  5.00000000000000000e-01  4.64204102487420334e-01 -3.57958975125796425e-05  5.00000000000000000e-01  4.59408192639650215e-01 -4.05918073603497766e-05 -4.00000000000000022e-01 -3.99495392278535255e-01  5.04607721464752322e-07  5.00000000000000000e-01  4.68234129697839285e-01 -3.17658703021606926e-05 -7.86186145793650981e-01 -3.53862583466874436e-01  4.32323562326776588e-04 
 3.77000000000000001e-09  5.00000000000000000e-01  4.64450491247529740e-01 -3.55495087524702815e-05  5.00000000000000000e-01  4.59687592397195144e-01 -4.03124076028048371e-05 -4.00000000000000022e-01 -3.99498865572389339e-01  5.01134427610672433e-07  5.00000000000000000e-01  4.68452779150469900e-01 -3.15472208495301120e-05 -7.99999999999998934e-01 -3.56885875609637637e-01  4.43114124390361333e-04 
 3.77369999999999990e-09  5.00000000000000000e-01  4.64581539551190248e-01 -3.54184604488097282e-05  5.00000000000000000e-01  4.59836198462882373e-01 -4.01638015371176180e-05 -4.00000000000000022e-01 -3.99500712934531488e-01  4.99287065468506219e-07  5.00000000000000000e-01  4.68569073578230300e-01 -3.14309264217696904e-05 -7.83966666666669809e-01 -3.58460249353695526e-01  4.25506417312974353e-04 
 3.78109999999999969e-09  5.00000000000000000e-01  4.64842669975939593e-01 -3.51573300240603961e-05  5.00000000000000000e-01  4.60132314963205724e-01 -3.98676850367942880e-05 -4.00000000000000022e-01 -3.99504394038730226e-01  4.95605961269810370e-07  5.00000000000000000e-01  4.68800805027389300e-01 -3.11991949726106855e-05 -7.51900000000004121e-01 -3.61479180131267730e-01  3.90420819868736370e-04 
 3.79590000000000010e-09  5.00000000000000000e-01  4.65359176313398293e-01 -3.46408236866017341e-05  5.00000000000000000e-01  4.60718022466227783e-01 -3.92819775337721958e-05 -4.00000000000000022e-01 -3.99511675126904331e-01  4.88324873095696051e-07  5.00000000000000000e-01  4.69259161276738723e-01 -3.07408387232612737e-05 -6.87766666666669080e-01 -3.66743862945830335e-01  3.21022803720838706e-04 
 3.81319089688825616e-09  5.00000000000000000e-01  4.65953013237377089e-01 -3.40469867626229253e-05  5.00000000000000000e-01  4.61391421254821854e-01 -3.86085787451781719e-05 -4.00000000000000022e-01 -3.99520046329135514e-01  4.79953670864507586e-07  5.00000000000000000e-01  4.69786141964989856e-01 -3.02138580350101390e-05 -6.12839446817559419e-01 -3.71604830483245552e-01  2.41234616334313828e-04 
 3.84777269066476828e-09  5.00000000000000000e-01  4.67110406740590456e-01 -3.28895932594095645e-05  5.00000000000000000e-01  4.62703881547402995e-01 -3.72961184525969912e-05 -4.00000000000000022e-01 -3.99536361877538382e-01  4.63638122461635608e-07  5.00000000000000000e-01  4.70813232063756637e-01 -2.91867679362433513e-05 -4.62985007119340486e-01 -3.77258285268255611e-01  8.57267218510848728e-05 
 3.88477269066476805e-09  5.00000000000000000e-01  4.68305217688649411e-01 -3.16947823113505997e-05  5.00000000000000000e-01  4.64058772448479095e-01 -3.59412275515209206e-05 -4.00000000000000022e-01 -3.99553204892296399e-01  4.46795107703610618e-07  5.00000000000000000e-01  4.71873527020694183e-01 -2.81264729793057945e-05 -3.02651673786008213e-01 -3.77460270581778834e-01 -7.48085967957706180e-05 
 3.92177269066476782e-09  5.00000000000000000e-01  4.69456623624358804e-01 -3.05433763756412201e-05  5.00000000000000000e-01  4.65364442963359937e-01 -3.46355570366400499e-05 -4.00000000000000022e-01 -3.99569436035138836e-01  4.30563964861187601e-07  5.00000000000000000e-01  4.72895303653226629e-01 -2.71046963467733919e-05 -1.42318340452675884e-01 -3.71830339557615630e-01 -2.29511999104939764e-04 
 3.95877269066476759e-09  5.00000000000000000e-01  4.70566201362109249e-01 -2.94337986378907248e-05  5.00000000000000000e-01  4.66622681166949105e-01 -3.33773188330509056e-05 -4.00000000000000022e-01 -3.99585077534107769e-01  4.14922465892259961e-07  5.00000000000000000e-01  4.73879961252471282e-01 -2.61200387475287051e-05  1.80149928806564441e-02 -3.60580353663114472e-01 -3.78595346543770910e-04 
 3.99577269066476735e-09  5.00000000000000000e-01  4.71635470433883319e-01 -2.83645295661166677e-05  5.00000000000000000e-01  4.67835210177084515e-01 -3.21647898229155110e-05 -4.00000000000000022e-01 -3.99600150809746479e-01  3.99849190253537181e-07  5.00000000000000000e-01  4.74828848276190985e-01 -2.51711517238090198e-05  1.78348326213988773e-01 -3.43914477876382796e-01 -5.22262804090371552e-04 
 4.00000000000000025e-09  5.00000000000000000e-01  4.71755123169943502e-01 -2.82448768300565018e-05  5.00000000000000000e-01  4.67970893904824214e-01 -3.20291060951757639e-05 -4.00000000000000022e-01 -3.99601837530815240e-01  3.98162469184785289e-07  5.00000000000000000e-01  4.74935030089166987e-01 -2.50649699108330070e-05  1.96666666666664547e-01 -3.41672731081981429e-01 -5.38339397748645960e-04 
