 frequency                v(srcp,srcn)             v(srcp,srcn)             v(txp,txn)               v(txp,txn)               v(rdiep,rdien)           v(rdiep,rdien)           v(csrc)                  v(csrc)                  v(cload)                 v(cload)
 5.00000000000000000e+09  1.00000000000000000e+00 -6.12323399573676604e-17  5.06156920599873716e-01 -5.70964943206193398e-01 -4.79340069946109337e-01  1.98523907681425776e-01  5.06156920599873716e-01 -5.70964943206193398e-01  5.06156920599874049e-01 -5.70964943206193509e-01
 1.50000000000000000e+10  1.00000000000000000e+00 -6.12323399573676604e-17 -3.64350993364824932e-02 -1.08703971934882536e-02  1.75662413090753745e-03  7.14627417042184546e-04 -3.64350993364825140e-02 -1.08703971934882501e-02 -3.64350993364824446e-02 -1.08703971934882310e-02
 2.50000000000000000e+10  1.00000000000000000e+00 -6.12323399573676604e-17 -1.29765704016714667e-02 -2.26040592298962836e-03  2.23840127295965515e-04  5.20858229427084853e-05 -1.29765704016714632e-02 -2.26040592298962836e-03 -1.29765704016713661e-02 -2.26040592298961231e-03
 3.50000000000000000e+10  1.00000000000000000e+00 -6.12323399573676604e-17 -6.60556292037697140e-03 -8.16266076531158534e-04  5.80123040743900972e-05  9.52537577390329075e-06 -6.60556292037697227e-03 -8.16266076531158968e-04 -6.60556292037687252e-03 -8.16266076531145849e-04
 4.50000000000000000e+10  1.00000000000000000e+00 -6.12323399573676604e-17 -3.99252020822461924e-03 -3.82676161231427061e-04  2.11921159822514143e-05  2.69316176811719052e-06 -3.99252020822462271e-03 -3.82676161231426790e-04 -3.99252020822452036e-03 -3.82676161231417303e-04
 5.50000000000000000e+10  1.00000000000000000e+00 -6.12323399573676604e-17 -2.67156241475088353e-03 -2.09219538854357880e-04  9.48830435332418775e-06  9.84144751968958310e-07 -2.67156241475088266e-03 -2.09219538854358016e-04 -2.67156241475105050e-03 -2.09219538854370620e-04
 6.50000000000000000e+10  1.00000000000000000e+00 -6.12323399573676604e-17 -1.91232622528067411e-03 -1.26621303876607463e-04  4.86144791413538944e-06  4.26063599038625256e-07 -1.91232622528067476e-03 -1.26621303876607409e-04 -1.91232622528080074e-03 -1.26621303876616950e-04
 7.50000000000000000e+10  1.00000000000000000e+00 -6.12323399573676604e-17 -1.43616070240327283e-03 -8.23732979245385064e-05  2.74180281138865840e-06  2.08072631327196755e-07 -1.43616070240327239e-03 -8.23732979245384928e-05 -1.43616070240336867e-03 -8.23732979245429245e-05
 8.50000000000000000e+10  1.00000000000000000e+00 -6.12323399573676604e-17 -1.11801054385784896e-03 -5.65625917126267230e-05  1.66155094936929255e-06  1.11193612148941299e-07 -1.11801054385784896e-03 -5.65625917126267094e-05 -1.11801054385792182e-03 -5.65625917126312563e-05
 9.50000000000000000e+10  1.00000000000000000e+00 -6.12323399573676604e-17 -8.94967777730950155e-04 -4.05029317196535369e-05  1.06470817986905736e-06  6.37255492113038726e-08 -8.94967777730949722e-04 -4.05029317196535166e-05 -8.94967777730688863e-04 -4.05029317196412922e-05
 1.05000000000000000e+11  1.00000000000000000e+00 -6.12323399573676604e-17 -7.32579709518820562e-04 -2.99913326242030779e-05  7.13380119531151711e-07  3.86196605516819373e-08 -7.32579709518820345e-04 -2.99913326242030678e-05 -7.32579709518859810e-04 -2.99913326242040232e-05
 1.15000000000000000e+11  1.00000000000000000e+00 -6.12323399573676604e-17 -6.10691669664684394e-04 -2.28244310821779060e-05  4.95737441998339659e-07  2.44981461622350979e-08 -6.10691669664684177e-04 -2.28244310821779128e-05 -6.10691669664972033e-04 -2.28244310821889513e-05
 1.25000000000000000e+11  1.00000000000000000e+00 -6.12323399573676604e-17 -5.16874983444707246e-04 -1.77709022907079264e-05  3.55120722455680106e-07  1.61424853821743496e-08 -5.16874983444707463e-04 -1.77709022907079129e-05 -5.16874983444724052e-04 -1.77709022907078112e-05
 1.35000000000000000e+11  1.00000000000000000e+00 -6.12323399573676604e-17 -4.43127271387658143e-04 -1.41057383514599535e-05  2.61011573787596825e-07  1.09842777739876366e-08 -4.43127271387658305e-04 -1.41057383514599569e-05 -4.43127271387443687e-04 -1.41057383514530824e-05
 1.45000000000000000e+11  1.00000000000000000e+00 -6.12323399573676604e-17 -3.84107158373652531e-04 -1.13830650856495902e-05  1.96112757562863527e-07  7.68309562822518002e-09 -3.84107158373652802e-04 -1.13830650856495953e-05 -3.84107158373652748e-04 -1.13830650856494581e-05
 1.55000000000000000e+11  1.00000000000000000e+00 -6.12323399573676604e-17 -3.36138943920420816e-04 -9.31838370433605331e-06  1.50188701465376732e-07  5.50383840655501654e-09 -3.36138943920420870e-04 -9.31838370433604653e-06 -3.36138943920220347e-04 -9.31838370433042901e-06
 1.65000000000000000e+11  1.00000000000000000e+00 -6.12323399573676604e-17 -2.96626027313864633e-04 -7.72433629062257602e-06  1.16954493575782496e-07  4.02588670172066081e-09 -2.96626027313864633e-04 -7.72433629062256755e-06 -2.96626027313852164e-04 -7.72433629062209152e-06
 1.75000000000000000e+11  1.00000000000000000e+00 -6.12323399573676604e-17 -2.63691913926150613e-04 -6.47410835186683223e-06  9.24253328458008274e-08  2.99954428488775834e-09 -2.63691913926150830e-04 -6.47410835186683393e-06 -2.63691913925961365e-04 -6.47410835186218795e-06
 1.85000000000000000e+11  1.00000000000000000e+00 -6.12323399573676604e-17 -2.35953209634650631e-04 -5.47977861783877382e-06  7.40028299623473570e-08  2.27173032167713863e-09 -2.35953209634650577e-04 -5.47977861783877128e-06 -2.35953209634628188e-04 -5.47977861783882294e-06
 1.95000000000000000e+11  1.00000000000000000e+00 -6.12323399573676604e-17 -2.12371921101384825e-04 -4.67908399482186673e-06  5.99501143872572637e-08  1.74588956799219815e-09 -2.12371921101384880e-04 -4.67908399482186758e-06 -2.12371921101204224e-04 -4.67908399481741134e-06
