 frequency                tx_difference            tx_difference            pad_difference           pad_difference           die_difference           die_difference           v(csrc)                  v(csrc)                  v(cload)                 v(cload)                
 5.00000000000000000e+09 -1.57367652417503306e-01 -3.66896466394223408e-01  4.55116022988194979e-01  2.74074107640063125e-01 -1.96734689002077329e-01 -3.02973040347986999e-01 -1.57367652417503306e-01 -3.66896466394223408e-01  4.55116022988194979e-01  2.74074107640063125e-01 
 1.50000000000000019e+10 -9.34620476079516815e-02 -3.79004183816177356e-02  1.98255883430318485e-03  2.95369481141262219e-03 -8.42404173218306635e-05 -1.56156996619618226e-04 -9.34620476079516815e-02 -3.79004183816177356e-02  1.98255883430318485e-03  2.95369481141262219e-03 
 2.50000000000000038e+10 -3.41688800885776994e-02 -7.68777579731747158e-03  3.72332353827911698e-04  9.51744299180027283e-06 -6.47676854544888523e-06 -5.30455776303351645e-07 -3.41688800885776994e-02 -7.68777579731747158e-03  3.72332353827911698e-04  9.51744299180027283e-06 
 3.50000000000000076e+10 -1.74842746090073838e-02 -2.75520438342827982e-03  9.89698798043147228e-05 -4.05973147863290470e-05 -8.87750778956490947e-07  3.23524178876259809e-07 -1.74842746090073838e-02 -2.75520438342827982e-03  9.89698798043147228e-05 -4.05973147863290470e-05 
 4.50000000000000076e+10 -1.05879771832261046e-02 -1.28746078425858736e-03  3.63529167406161113e-05 -2.66779932271037076e-05 -1.97914832714443871e-07  1.36053445247959373e-07 -1.05879771832261046e-02 -1.28746078425858736e-03  3.63529167406161113e-05 -2.66779932271037076e-05 
 5.50000000000000076e+10 -7.09131991121180610e-03 -7.02701167531068357e-04  1.63061246643978769e-05 -1.66024794966462946e-05 -5.95163397666871876e-08  5.76193809962760994e-08 -7.09131991121180610e-03 -7.02701167531068357e-04  1.63061246643978769e-05 -1.66024794966462946e-05 
 6.50000000000000076e+10 -5.07860373980185183e-03 -4.24862159536278582e-04  8.36121515143601624e-06 -1.07321005728208927e-05 -2.18676758093006205e-08  2.68678280247160881e-08 -5.07860373980185183e-03 -4.24862159536278582e-04  8.36121515143601624e-06 -1.07321005728208927e-05 
 7.50000000000000153e+10 -3.81523367510685184e-03 -2.76221742486071754e-04  4.71750211070515193e-06 -7.25669768697963065e-06 -9.27172248826392123e-09  1.37022224378930932e-08 -3.81523367510685184e-03 -2.76221742486071754e-04  4.71750211070515193e-06 -7.25669768697963065e-06 
 8.50000000000000153e+10 -2.97066441406317310e-03 -1.89591798940080754e-04  2.85947814586211450e-06 -5.10781083969957856e-06 -4.37680638710407682e-09  7.52810052187737897e-09 -2.97066441406317310e-03 -1.89591798940080754e-04  2.85947814586211450e-06 -5.10781083969957856e-06 
 9.50000000000000153e+10 -2.37835877894961153e-03 -1.35721700986594587e-04  1.83258228972807401e-06 -3.71985353576777635e-06 -2.24605061761315378e-09  4.39652455347619368e-09 -2.37835877894961153e-03 -1.35721700986594587e-04  1.83258228972807401e-06 -3.71985353576777635e-06 
 1.05000000000000015e+11 -1.94701778723147196e-03 -1.00476759821050633e-04  1.22798511004944250e-06 -2.78787168678800917e-06 -1.23221367205542206e-09  2.70051650822781606e-09 -1.94701778723147196e-03 -1.00476759821050633e-04  1.22798511004944250e-06 -2.78787168678800917e-06 
 1.15000000000000015e+11 -1.62319501642299298e-03 -7.64539474425700717e-05  8.53396525832663827e-07 -2.14068886810140589e-06 -7.13965949388522777e-10  1.73018383884166596e-09 -1.62319501642299298e-03 -7.64539474425700717e-05  8.53396525832663827e-07 -2.14068886810140589e-06 
 1.25000000000000015e+11 -1.37391556901614526e-03 -5.95189904976056424e-05  6.11356597719056837e-07 -1.67809105648936760e-06 -4.32947984994470874e-10  1.14873032888181295e-09 -1.37391556901614526e-03 -5.95189904976056424e-05  6.11356597719056837e-07 -1.67809105648936760e-06 
 1.35000000000000015e+11 -1.17794024034318517e-03 -4.72388709398921636e-05  4.49358325661205255e-07 -1.33907196435487649e-06 -2.72845485590427296e-10  7.86288982172503838e-10 -1.17794024034318517e-03 -4.72388709398921636e-05  4.49358325661205255e-07 -1.33907196435487649e-06 
 1.45000000000000031e+11 -1.02108841773918750e-03 -3.81178986416171348e-05  3.37636894957139932e-07 -1.08517017400659692e-06 -1.77717263610788211e-10  5.52566077588928157e-10 -1.02108841773918750e-03 -3.81178986416171348e-05  3.37636894957139932e-07 -1.08517017400659692e-06 
 1.55000000000000031e+11 -8.93599463301570089e-04 -3.12020198254338535e-05  2.58577019683498535e-07 -8.91372702848326500e-07 -1.19113740725537774e-10  3.97338340548617918e-10 -8.93599463301570089e-04 -3.12020198254338535e-05  2.58577019683498535e-07 -8.91372702848326500e-07 
 1.65000000000000031e+11 -7.88577015272162816e-04 -2.58630973635938917e-05  2.01361499161089026e-07 -7.40958730216207262e-07 -8.18577856356535041e-11  2.91545864395889036e-10 -7.88577015272162816e-04 -2.58630973635938917e-05  2.01361499161089026e-07 -7.40958730216207262e-07 
 1.75000000000000031e+11 -7.01036540460227070e-04 -2.16760602052771655e-05  1.59131480421318732e-07 -6.22474072147383775e-07 -5.75101961035847782e-11  2.17782099456015934e-10 -7.01036540460227070e-04 -2.16760602052771655e-05  1.59131480421318732e-07 -6.22474072147383775e-07 
 1.85000000000000031e+11 -6.27302894788634943e-04 -1.83462543295659932e-05  1.27414241847794436e-07 -5.27899474640835965e-07 -4.12050669252917691e-11  1.65297174670850609e-10 -6.27302894788634943e-04 -1.83462543295659932e-05  1.27414241847794436e-07 -5.27899474640835965e-07 
 1.95000000000000031e+11 -5.64618259439301877e-04 -1.56650447962379538e-05  1.03219906886696824e-07 -4.51509901167039724e-07 -3.00455325916159188e-11  1.27269391800084665e-10 -5.64618259439301877e-04 -1.56650447962379538e-05  1.03219906886696824e-07 -4.51509901167039724e-07 
 2.05000000000000031e+11 -5.10880499254141190e-04 -1.34818857658173270e-05  8.45052811264181866e-08 -3.89145802266851992e-07 -2.22571718895678324e-11  9.92633280482358194e-11 -5.10880499254141190e-04 -1.34818857658173270e-05  8.45052811264181866e-08 -3.89145802266851992e-07 
 2.15000000000000031e+11 -4.64464618129469854e-04 -1.16862928425787263e-05  6.98462596962770327e-08 -3.37736717847441437e-07 -1.67250392877685409e-11  7.83313744193631682e-11 -4.64464618129469854e-04 -1.16862928425787263e-05  6.98462596962770327e-08 -3.37736717847441437e-07 
 2.25000000000000031e+11 -4.24098463788481934e-04 -1.01959365975646632e-05  5.82324265352181743e-08 -2.94983258029749198e-07 -1.27323010189497283e-11  6.24755718145968523e-11 -4.24098463788481934e-04 -1.01959365975646632e-05  5.82324265352181743e-08 -2.94983258029749198e-07 
 2.35000000000000031e+11 -3.88774630477178428e-04 -8.94861473961142519e-06  4.89352380827559635e-08 -2.59140731811050704e-07 -9.80840501936644662e-12  5.03171291059225170e-11 -3.88774630477178428e-04 -8.94861473961142519e-06  4.89352380827559635e-08 -2.59140731811050704e-07 
 2.45000000000000031e+11 -3.57686994773025147e-04 -7.89673737541547631e-06  4.14216322994449871e-08 -2.28869354660118766e-07 -7.63857182571419703e-12  4.08888348846402867e-11 -3.57686994773025147e-04 -7.89673737541547631e-06  4.14216322994449871e-08 -2.28869354660118766e-07 
 2.55000000000000031e+11 -3.30184316200233391e-04 -7.00347378845659919e-06  3.52963166557400409e-08 -2.03128885157126701e-07 -6.00855889039036875e-12  3.35019465686573575e-11 -3.30184316200233391e-04 -7.00347378845659919e-06  3.52963166557400409e-08 -2.03128885157126701e-07 
 2.65000000000000031e+11 -3.05735853234767683e-04 -6.24001810066809849e-06  3.02625362638228792e-08 -1.81103421353394106e-07 -4.77022182759138691e-12  2.76592097218806953e-11 -3.05735853234767683e-04 -6.24001810066809849e-06  3.02625362638228792e-08 -1.81103421353394106e-07 
 2.75000000000000061e+11 -2.83905566007380545e-04 -5.58362116627750251e-06  2.60949748035635718e-08 -1.62146995555121344e-07 -3.81961684856153901e-12  2.29970265459707570e-11 -2.83905566007380545e-04 -5.58362116627750251e-06  2.60949748035635718e-08 -1.62146995555121344e-07 
 2.85000000000000061e+11 -2.64332539693636287e-04 -5.01615534962610903e-06  2.26207587578475977e-08 -1.45743722128605947e-07 -3.08282389765072690e-12  1.92463852535279871e-11 -2.64332539693636287e-04 -5.01615534962610903e-06  2.26207587578475977e-08 -1.45743722128605947e-07 
 2.95000000000000061e+11 -2.46715971519035195e-04 -4.52305520361742706e-06  1.97059598697400789e-08 -1.31478266457358451e-07 -2.50661420286767116e-12  1.62060709733912234e-11 -2.46715971519035195e-04 -4.52305520361742706e-06  1.97059598697400789e-08 -1.31478266457358451e-07 
 3.05000000000000061e+11 -2.30803544847761979e-04 -4.09252681483286236e-06  1.72458830710462352e-08 -1.19013725920213991e-07 -2.05221141551173008e-12  1.37240439478094808e-11 -2.30803544847761979e-04 -4.09252681483286236e-06  1.72458830710462352e-08 -1.19013725920213991e-07 
 3.15000000000000061e+11 -2.16382344373367865e-04 -3.71495152289389432e-06  1.51579961664147379e-08 -1.08074896073426732e-07 -1.69106073635889575e-12  1.16843288770507398e-11 -2.16382344373367865e-04 -3.71495152289389432e-06  1.51579961664147379e-08 -1.08074896073426732e-07 
 3.25000000000000061e+11 -2.03271696923982024e-04 -3.38243186483119764e-06  1.33767264411012845e-08 -9.84354921865419525e-08 -1.40192127310729350e-12  9.99767396535029840e-12 -2.03271696923982024e-04 -3.38243186483119764e-06  1.33767264411012845e-08 -9.84354921865419525e-08 
 3.35000000000000061e+11 -1.91317485166909480e-04 -3.08844268942710842e-06  1.18495921743282554e-08 -8.99083055832910095e-08 -1.16884277794058556e-12  8.59482140068313236e-12 -1.91317485166909480e-04 -3.08844268942710842e-06  1.18495921743282554e-08 -8.99083055832910095e-08 
 3.45000000000000061e+11 -1.80387597808694616e-04 -2.82756081057507626e-06  1.05342991590652448e-08 -8.23375583766679322e-08 -9.79741302044071908e-13  7.42160847285442501e-12 -1.80387597808694616e-04 -2.82756081057507626e-06  1.05342991590652448e-08 -8.23375583766679322e-08 
 3.55000000000000061e+11 -1.70368263918888296e-04 -2.59525385566523295e-06  9.39654201741592479e-09 -7.55929197452245282e-08 -8.25385482979691203e-13  6.43536633427804203e-12 -1.70368263918888296e-04 -2.59525385566523295e-06  9.39654201741592479e-09 -7.55929197452245282e-08 
 3.65000000000000061e+11 -1.61161080346136940e-04 -2.38771411727725960e-06  8.40832524297891101e-09 -6.95647885923517392e-08 -6.98667651291031781e-13  5.60224824849759210e-12 -1.61161080346136940e-04 -2.38771411727725960e-06  8.40832524297891101e-09 -6.95647885923517392e-08 
 3.75000000000000061e+11 -1.52680586406521196e-04 -2.20172689848685165e-06  7.54667098122612587e-09 -6.41605490790236408e-08 -5.94074652895183409e-13  4.89523019730332986e-12 -1.52680586406521196e-04 -2.20172689848685165e-06  7.54667098122612587e-09 -6.41605490790236408e-08 
 3.85000000000000061e+11 -1.44852273651689770e-04 -2.03456549994998585e-06  6.79261705188179903e-09 -5.93015791506497185e-08 -5.07300155792672881e-13  4.29260237618105101e-12 -1.44852273651689770e-04 -2.03456549994998585e-06  6.79261705188179903e-09 -5.93015791506497185e-08 
 3.95000000000000061e+11 -1.37610943751150720e-04 -1.88390693370358933e-06  6.13043455344077904e-09 -5.49208460030323016e-08 -4.34958162660686393e-13  3.77682223694624149e-12 -1.37610943751150720e-04 -1.88390693370358933e-06  6.13043455344077904e-09 -5.49208460030323016e-08 
 4.05000000000000061e+11 -1.30899346601296188e-04 -1.74776387257679369e-06  5.54701286014737689e-09 -5.09609621199654053e-08 -3.74369582536686672e-13  3.33363602898530131e-12 -1.30899346601296188e-04 -1.74776387257679369e-06  5.54701286014737689e-09 -5.09609621199654053e-08 
 4.15000000000000061e+11 -1.24667045312477394e-04 -1.62442939987902166e-06  5.03137314793574383e-09 -4.73726050190405528e-08 -3.23402001304354732e-13  2.95140130732325339e-12 -1.24667045312477394e-04 -1.62442939987902166e-06  5.03137314793574383e-09 -4.73726050190405528e-08 
 4.25000000000000061e+11 -1.18869465885214579e-04 -1.51243191308151480e-06  4.57428128462651625e-09 -4.41132259464909421e-08 -2.80348508667649262e-13  2.62056098411698080e-12 -1.18869465885214579e-04 -1.51243191308151480e-06  4.57428128462651625e-09 -4.41132259464909421e-08 
 4.35000000000000061e+11 -1.13467098011574771e-04 -1.41049812939032228e-06  4.16793803688248856e-09 -4.11459894446510472e-08 -2.43835423126602301e-13  2.33323246507620429e-12 -1.13467098011574771e-04 -1.41049812939032228e-06  4.16793803688248856e-09 -4.11459894446510472e-08 
 4.45000000000000061e+11 -1.08424820147138494e-04 -1.31752259176654871e-06  3.80572981022652427e-09 -3.84388983949733607e-08 -2.12751557597343293e-13  2.08288477288437213e-12 -1.08424820147138494e-04 -1.31752259176654871e-06  3.80572981022652427e-09 -3.84388983949733607e-08 
 4.55000000000000061e+11 -1.03711327250585947e-04 -1.23254241808839126e-06  3.48202706053183531e-09 -3.59640688406101070e-08 -1.86193655065003266e-13  1.86408337208851064e-12 -1.03711327250585947e-04 -1.23254241808839126e-06  3.48202706053183531e-09 -3.59640688406101070e-08 
 4.65000000000000061e+11 -9.92986437227561810e-05 -1.15471630065595436e-06  3.19202045854191249e-09 -3.36971263621543639e-08 -1.63424044498259243e-13  1.67228740562668210e-12 -9.92986437227561810e-05 -1.15471630065595436e-06  3.19202045854191249e-09 -3.36971263621543639e-08 
 4.75000000000000061e+11 -9.51617073508584615e-05 -1.08330696780048916e-06  2.93158711245840431e-09 -3.16167015664492387e-08 -1.43837591423650120e-13  1.50368774325362351e-12 -9.51617073508584615e-05 -1.08330696780048916e-06  2.93158711245840431e-09 -3.16167015664492387e-08 
 4.85000000000000061e+11 -9.12780126695311440e-05 -1.01766647849539459e-06  2.69718084426347872e-09 -2.97040067567230234e-08 -1.26935761370998468e-13  1.35507698672453816e-12 -9.12780126695311440e-05 -1.01766647849539459e-06  2.69718084426347872e-09 -2.97040067567230234e-08 
 4.95000000000000061e+11 -8.76273042354891977e-05 -9.57223845362754052e-07  2.48574180883539022e-09 -2.79424793843958369e-08 -1.12306158495521451e-13  1.22374463148182771e-12 -8.76273042354891977e-05 -9.57223845362754052e-07  2.48574180883539022e-09 -2.79424793843958369e-08 
 5.05000000000000061e+11 -8.41913119888935220e-05 -9.01474579391927093e-07  2.29462174023547142e-09 -2.63174806648034544e-08 -9.96063024243427339e-14  1.10739213282743021e-12 -8.41913119888935220e-05 -9.01474579391927093e-07  2.29462174023547142e-09 -2.63174806648034544e-08 
 5.15000000000000061e+11 -8.09535222287192349e-05 -8.49971827105360513e-07  2.12152187980082652e-09 -2.48160399412472783e-08 -8.85507034786794515e-14  1.00406379814221478e-12 -8.09535222287192349e-05 -8.49971827105360513e-07  2.12152187980082652e-09 -2.48160399412472783e-08 
 5.25000000000000061e+11 -7.78989788281440860e-05 -8.02318832417351396e-07  1.96444123997735638e-09 -2.34266371335012486e-08 -7.89005180803559640e-14  9.12090321463238425e-13 -7.78989788281440860e-05 -8.02318832417351396e-07  1.96444123997735638e-09 -2.34266371335012486e-08 
 5.35000000000000061e+11 -7.50141102113359177e-05 -7.58162504534478781e-07  1.82163332652922624e-09 -2.21390170068243453e-08 -7.04552325214078741e-14  8.30042462694839983e-13 -7.50141102113359177e-05 -7.58162504534478781e-07  1.82163332652922624e-09 -2.21390170068243453e-08 
 5.45000000000000061e+11 -7.22865783456339082e-05 -7.17187912622686293e-07  1.69156981013968450e-09 -2.09440301213062967e-08 -6.30459488729093686e-14  7.56692902439290435e-13 -7.22865783456339082e-05 -7.17187912622686293e-07  1.69156981013968450e-09 -2.09440301213062967e-08 
 5.55000000000000122e+11 -6.97051466049675161e-05 -6.79113559680399587e-07  1.57290992933297479e-09 -1.98334962273699794e-08 -5.65299421545213524e-14  6.90984713029194698e-13 -6.97051466049675161e-05 -6.79113559680399587e-07  1.57290992933297479e-09 -1.98334962273699794e-08 
 5.65000000000000122e+11 -6.72595638566451053e-05 -6.43687313707482161e-07  1.46447463743273413e-09 -1.88000866066925470e-08 -5.07862306535116735e-14  6.32005205227734726e-13 -6.72595638566451053e-05 -6.43687313707482161e-07  1.46447463743273413e-09 -1.88000866066925470e-08 
 5.75000000000000122e+11 -6.49404625344010507e-05 -6.10682895089588378e-07  1.36522469017087770e-09 -1.78372224539228760e-08 -4.57119571039615265e-14  5.78964159502725963e-13 -6.49404625344010507e-05 -6.10682895089588378e-07  1.36522469017087770e-09 -1.78372224539228760e-08 
 5.85000000000000122e+11 -6.27392688017445045e-05 -5.79896836098201091e-07  1.27424201771316060e-09 -1.69389868809333490e-08 -4.12194214715732080e-14  5.31175646790899981e-13 -6.27392688017445045e-05 -5.79896836098201091e-07  1.27424201771316060e-09 -1.69389868809333490e-08 
 5.95000000000000122e+11 -6.06481231939681013e-05 -5.51145842301461527e-07  1.19071384310192736e-09 -1.61000485236255579e-08 -3.72336394246869451e-14  4.88042798372534069e-13 -6.06481231939681013e-05 -5.51145842301461527e-07  1.19071384310192736e-09 -1.61000485236255579e-08 
 6.05000000000000122e+11 -5.86598103648951913e-05 -5.24264497091583603e-07  1.11391910448640052e-09 -1.53155950586262435e-08 -3.36903265126327751e-14  4.49045007096672959e-13 -5.86598103648951913e-05 -5.24264497091583603e-07  1.11391910448640052e-09 -1.53155950586262435e-08 
 6.15000000000000122e+11 -5.67676967638311889e-05 -4.99103259937936820e-07  1.04321681573270337e-09 -1.45812752071311903e-08 -3.05342283483998440e-14  4.13727139785472122e-13 -5.67676967638311889e-05 -4.99103259937936820e-07  1.04321681573270337e-09 -1.45812752071311903e-08 
 6.25000000000000122e+11 -5.49656752359348674e-05 -4.75526716749960982e-07  9.78036062759793909e-10 -1.38931480264846539e-08 -2.77177330085966515e-14  3.81690418619681796e-13 -5.49656752359348674e-05 -4.75526716749960982e-07  9.78036062759793909e-10 -1.38931480264846539e-08 
 6.35000000000000122e+11 -5.32481156807685692e-05 -4.53412047183715883e-07  9.17867384127088489e-10 -1.32476384754564704e-08 -2.51997144090365249e-14  3.52584691846398494e-13 -5.32481156807685692e-05 -4.53412047183715883e-07  9.17867384127088489e-10 -1.32476384754564704e-08 
 6.45000000000000122e+11 -5.16098210235621044e-05 -4.32647679092801086e-07  8.62255326280169776e-10 -1.26414983935257208e-08 -2.29445653422903563e-14  3.26101864495187818e-13 -5.16098210235621044e-05 -4.32647679092801086e-07  8.62255326280169776e-10 -1.26414983935257208e-08 
 6.55000000000000122e+11 -5.00459878553555671e-05 -4.13132104803894251e-07  8.10791998247571825e-10 -1.20717721633778645e-08 -2.09213867506837392e-14  3.01970300461816437e-13 -5.00459878553555671e-05 -4.13132104803894251e-07  8.10791998247571825e-10 -1.20717721633778645e-08 
 6.65000000000000122e+11 -4.85521711846524437e-05 -3.94772837646934703e-07  7.63111478903753810e-10 -1.15357664337805274e-08 -1.91033060973894667e-14  2.79950040291705189e-13 -4.85521711846524437e-05 -3.94772837646934703e-07  7.63111478903753810e-10 -1.15357664337805274e-08 
 6.75000000000000122e+11 -4.71242528169687062e-05 -3.77485490317863009e-07  7.18884953314177116e-10 -1.10310233706780558e-08 -1.74669027314155866e-14  2.59828705814996626e-13 -4.71242528169687062e-05 -3.77485490317863009e-07  7.18884953314177116e-10 -1.10310233706780558e-08 
 6.85000000000000122e+11 -4.57584129417297180e-05 -3.61192959301601758e-07  6.77816474070190422e-10 -1.05552969807099542e-08 -1.59917221843504155e-14  2.41417984670687476e-13 -4.57584129417297180e-05 -3.61192959301601758e-07  6.77816474070190422e-10 -1.05552969807099542e-08 
 6.95000000000000122e+11 -4.44511045600271389e-05 -3.45824701819499151e-07  6.39639259637991113e-10 -1.01065321158430470e-08 -1.46598645938869464e-14  2.24550605672465600e-13 -4.44511045600271389e-05 -3.45824701819499151e-07  6.39639259637991113e-10 -1.01065321158430470e-08 
 7.05000000000000122e+11 -4.31990304331944413e-05 -3.31316093657975452e-07  6.04112455178640275e-10 -9.68284582239789393e-09 -1.34556350824730698e-14  2.09077730678590238e-13 -4.31990304331944413e-05 -3.31316093657975452e-07  6.04112455178640275e-10 -9.68284582239789393e-09 
 7.15000000000000122e+11 -4.19991222721581328e-05 -3.17607857840633195e-07  5.71018292521460428e-10 -9.28251074408120163e-09 -1.23652460551779089e-14  1.94866700741594097e-13 -4.19991222721581328e-05 -3.17607857840633195e-07  5.71018292521460428e-10 -9.28251074408120163e-09 
 7.25000000000000122e+11 -4.08485219220401790e-05 -3.04645555471347723e-07  5.40159595380066722e-10 -8.90394032805016509e-09 -1.13765631184438565e-14  1.81799084317527022e-13 -4.08485219220401790e-05 -3.04645555471347723e-07  5.40159595380066722e-10 -8.90394032805016509e-09 
 7.35000000000000122e+11 -3.97445643263435127e-05 -2.92379131239647166e-07  5.11357583802417603e-10 -8.54567561664536875e-09 -1.04788877392630933e-14  1.69768983599309070e-13 -3.97445643263435127e-05 -2.92379131239647166e-07  5.11357583802417603e-10 -8.54567561664536875e-09 
 7.45000000000000122e+11 -3.86847620809283624e-05 -2.80762507073938958e-07  4.84449938501930890e-10 -8.20637343615391464e-09 -9.66277092470308899e-15  1.58681561918398027e-13 -3.86847620809283624e-05 -2.80762507073938958e-07  4.84449938501930890e-10 -8.20637343615391464e-09 
 7.55000000000000122e+11 -3.76667914104579076e-05 -2.69753218279478697e-07  4.59289091335386063e-10 -7.88479581856914287e-09 -8.91985315404560472e-15  1.48451760886774396e-13 -3.76667914104579076e-05 -2.69753218279478697e-07  4.59289091335386063e-10 -7.88479581856914287e-09 
 7.65000000000000122e+11 -3.66884794195463510e-05 -2.59312087228511077e-07  4.35740712948292711e-10 -7.57980051343423038e-09 -8.24272657956584208e-15  1.39003180732224425e-13 -3.66884794195463510e-05 -2.59312087228511077e-07  4.35740712948292711e-10 -7.57980051343423038e-09 
 7.75000000000000122e+11 -3.57477924878896105e-05 -2.49402930298213233e-07  4.13682372641482248e-10 -7.29033246502472702e-09 -7.62481615872903525e-15  1.30267101280462311e-13 -3.57477924878896105e-05 -2.49402930298213233e-07  4.13682372641482248e-10 -7.29033246502472702e-09 
 7.85000000000000122e+11 -3.48428256935480154e-05 -2.39992294293359409e-07  3.93002348940941390e-10 -7.01541614578440943e-09 -7.06027691566209429e-15  1.22181624393243956e-13 -3.48428256935480154e-05 -2.39992294293359409e-07  3.93002348940941390e-10 -7.01541614578440943e-09 
 7.95000000000000122e+11 -3.39717931615806214e-05 -2.31049219057995042e-07  3.73598572273860538e-10 -6.75414865045375889e-09 -6.54390497358273604e-15  1.14690921492911513e-13 -3.39717931615806214e-05 -2.31049219057995042e-07  3.73598572273860538e-10 -6.75414865045375889e-09 
 8.05000000000000122e+11 -3.31330192466497954e-05 -2.22545023384675767e-07  3.55377683647255599e-10 -6.50569346703270715e-09 -6.07106036889925310e-15  1.07744572181223653e-13 -3.31330192466497954e-05 -2.22545023384675767e-07  3.55377683647255599e-10 -6.50569346703270715e-09 
 8.15000000000000122e+11 -3.23249304682441923e-05 -2.14453111680244140e-07  3.38254195358879359e-10 -6.26927485086535055e-09 -5.63759996528492625e-15  1.01296981968224741e-13 -3.23249304682441923e-05 -2.14453111680244140e-07  3.38254195358879359e-10 -6.26927485086535055e-09 
 8.25000000000000122e+11 -3.15460481259874473e-05 -2.06748799151352247e-07  3.22149741598665189e-10 -6.04417273694590776e-09 -5.23981904300385866e-15  9.53068688263591958e-14 -3.15460481259874473e-05 -2.06748799151352247e-07  3.22149741598665189e-10 -6.04417273694590776e-09 
 8.35000000000000122e+11 -3.07949815302708892e-05 -1.99409153537599538e-07  3.06992408369532998e-10 -5.82971813321227541e-09 -4.87440035394540382e-15  8.97368097264988047e-14 -3.07949815302708892e-05 -1.99409153537599538e-07  3.06992408369532998e-10 -5.82971813321227541e-09 
 8.45000000000000122e+11 -3.00704217903039965e-05 -1.92412851650757843e-07  2.92716133508128218e-10 -5.62528894427588141e-09 -4.53836961341235875e-15  8.45528395376905624e-14 -3.00704217903039965e-05 -1.92412851650757843e-07  2.92716133508128218e-10 -5.62528894427588141e-09 
 8.55000000000000122e+11 -2.93711361077361018e-05 -1.85740049179851525e-07  2.79260168750905016e-10 -5.43030618087068367e-09 -4.22905655158293062e-15  7.97240957158175741e-14 -2.93711361077361018e-05 -1.85740049179851525e-07  2.79260168750905016e-10 -5.43030618087068367e-09 
 8.65000000000000122e+11 -2.86959625293654821e-05 -1.79372262397853278e-07  2.66568596797710889e-10 -5.24423051540650066e-09 -3.94406077558232795e-15  7.52225030967050488e-14 -2.86959625293654821e-05 -1.79372262397853278e-07  2.66568596797710889e-10 -5.24423051540650066e-09 
 8.75000000000000122e+11 -2.80438051172050173e-05 -1.73292260559871630e-07  2.54589897195607104e-10 -5.06655914848060990e-09 -3.68122180121091960e-15  7.10224938703911904e-14 -2.80438051172050173e-05 -1.73292260559871630e-07  2.54589897195607104e-10 -5.06655914848060990e-09 
 8.85000000000000122e+11 -2.74136294983935701e-05 -1.67483967917895253e-07  2.43276555620294179e-10 -4.89682295512247617e-09 -3.43859270487001903e-15  6.71007584652836058e-14 -2.74136294983935701e-05 -1.67483967917895253e-07  2.43276555620294179e-10 -4.89682295512247617e-09 
 8.95000000000000122e+11 -2.68044587611926318e-05 -1.61932374395913262e-07  2.32584711787983210e-10 -4.73458388299155402e-09 -3.21441692381261765e-15  6.34360236304074721e-14 -2.68044587611926318e-05 -1.61932374395913262e-07  2.32584711787983210e-10 -4.73458388299155402e-09 
 9.05000000000000122e+11 -2.62153696666461697e-05 -1.56623454073709725e-07  2.22473841800006666e-10 -4.57943257777928981e-09 -3.00710779875466401e-15  6.00088544849066952e-14 -2.62153696666461697e-05 -1.56623454073709725e-07  2.22473841800006666e-10 -4.57943257777928981e-09 
 9.15000000000000122e+11 -2.56454891484576353e-05 -1.51544090719692270e-07  2.12906471219111229e-10 -4.43098621373844825e-09 -2.81523050899083480e-15  5.68014777181321862e-14 -2.56454891484576353e-05 -1.51544090719692270e-07  2.12906471219111229e-10 -4.43098621373844825e-09 
 9.25000000000000122e+11 -2.50939910762939577e-05 -1.46682009694346519e-07  2.03847915609056333e-10 -4.28888650962045110e-09 -2.63748609799687164e-15  5.37976234809154199e-14 -2.50939910762939577e-05 -1.46682009694346519e-07  2.03847915609056333e-10 -4.28888650962045110e-09 
 9.35000000000000122e+11 -2.45600932600987965e-05 -1.42025715617680939e-07  1.95266045647612212e-10 -4.15279791238514714e-09 -2.47269732837296631e-15  5.09823838173145321e-14 -2.45600932600987965e-05 -1.42025715617680939e-07  1.95266045647612212e-10 -4.15279791238514714e-09 
 9.45000000000000122e+11 -2.40430546751222347e-05 -1.37564435257543507e-07  1.87131074254033749e-10 -4.02240593289173433e-09 -2.31979613995767313e-15  4.83420857532773043e-14 -2.40430546751222347e-05 -1.37564435257543507e-07  1.87131074254033749e-10 -4.02240593289173433e-09 
 9.55000000000000122e+11 -2.35421728892751374e-05 -1.33288065151959160e-07  1.79415363462127020e-10 -3.89741561941359502e-09 -2.17781251492378432e-15  4.58641773902387979e-14 -2.35421728892751374e-05 -1.33288065151959160e-07  1.79415363462127020e-10 -3.89741561941359502e-09 
 9.65000000000000122e+11 -2.30567816761230714e-05 -1.29187123528565950e-07  1.72093249024697576e-10 -3.77755015626994766e-09 -2.04586457941430356e-15  4.35371255527172707e-14 -2.30567816761230714e-05 -1.29187123528565950e-07  1.72093249024697576e-10 -3.77755015626994766e-09 
 9.75000000000000122e+11 -2.25862487983674235e-05 -1.25252706128577281e-07  1.65140880958823798e-10 -3.66254957615571421e-09 -1.92314979341929091e-15  4.13503237137826025e-14 -2.25862487983674235e-05 -1.25252706128577281e-07  1.65140880958823798e-10 -3.66254957615571421e-09 
 9.85000000000000122e+11 -2.21299739480375225e-05 -1.21476445582144484e-07  1.58536078438354130e-10 -3.55216957589696407e-09 -1.80893709967127722e-15  3.92940090744888977e-14 -2.21299739480375225e-05 -1.21476445582144484e-07  1.58536078438354130e-10 -3.55216957589696407e-09 
 9.95000000000000122e+11 -2.16873868308584501e-05 -1.17850474017128897e-07  1.52258197613477169e-10 -3.44618042638041339e-09 -1.70255991879591586e-15  3.73591878061115886e-14 -2.16873868308584501e-05 -1.17850474017128897e-07  1.52258197613477169e-10 -3.44618042638041339e-09 
 1.00500000000000012e+12 -2.12579453833754789e-05 -1.14367388614614001e-07  1.46288011090392011e-10 -3.34436596831562095e-09 -1.60340989217920515e-15  3.55375675799530204e-14 -2.12579453833754789e-05 -1.14367388614614001e-07  1.46288011090392011e-10 -3.34436596831562095e-09 
 1.01500000000000012e+12 -2.08411341124237582e-05 -1.11020219852454803e-07  1.40607597939297495e-10 -3.24652268630149253e-09 -1.51093128632195382e-15  3.38214966108636402e-14 -2.08411341124237582e-05 -1.11020219852454803e-07  1.40607597939297495e-10 -3.24652268630149253e-09 
 1.02500000000000012e+12 -2.04364625474413403e-05 -1.07802402203149765e-07  1.35200243218669047e-10 -3.15245885439517180e-09 -1.42461598312298180e-15  3.22039085294059240e-14 -2.04364625474413403e-05 -1.07802402203149765e-07  1.35200243218669047e-10 -3.15245885439517180e-09 
 1.03500000000000012e+12 -2.00434637969462163e-05 -1.04707747074686451e-07  1.30050346109697241e-10 -3.06199374703154331e-09 -1.34399898979306298e-15  3.06782724754408985e-14 -2.00434637969462163e-05 -1.04707747074686451e-07  1.30050346109697241e-10 -3.06199374703154331e-09 
 1.04500000000000012e+12 -1.96616932012414886e-05 -1.01730417803040136e-07  1.25143335848863252e-10 -2.97495690972411492e-09 -1.26865441015314611e-15  2.92385478742761134e-14 -1.96616932012414886e-05 -1.01730417803040136e-07  1.25143335848863252e-10 -2.97495690972411492e-09 
 1.05500000000000012e+12 -1.92907270740868501e-05 -9.88649065229678250e-08  1.20465594729994052e-10 -2.89118748450026430e-09 -1.19819182607682937e-15  2.78791434166120600e-14 -1.92907270740868501e-05 -9.88649065229678250e-08  1.20465594729994052e-10 -2.89118748450026430e-09 
 1.06500000000000012e+12 -1.89301615266851074e-05 -9.61060127598619189e-08  1.16004387521410733e-10 -2.81053358549298471e-09 -1.13225304394586810e-15  2.65948798164310059e-14 -1.89301615266851074e-05 -9.61060127598619189e-08  1.16004387521410733e-10 -2.81053358549298471e-09 
 1.07500000000000012e+12 -1.85796113678867624e-05 -9.34488235999213800e-08  1.11747796709741124e-10 -2.73285172053254791e-09 -1.07050916631774882e-15  2.53809559676006524e-14 -1.85796113678867624e-05 -9.34488235999213800e-08  1.11747796709741124e-10 -2.73285172053254791e-09 
 1.08500000000000012e+12 -1.82387090750192687e-05 -9.08886953089291480e-08  1.07684663040840925e-10 -2.65800625496093347e-09 -1.01265795366387211e-15  2.42329181611158466e-14 -1.82387090750192687e-05 -9.08886953089291480e-08  1.07684663040840925e-10 -2.65800625496093347e-09 
 1.09500000000000012e+12 -1.79071038302047014e-05 -8.84212362816636581e-08  1.03804530880722137e-10 -2.58586891423313007e-09 -9.58421445113644917e-16  2.31466320612555747e-14 -1.79071038302047014e-05 -8.84212362816636581e-08  1.03804530880722137e-10 -2.58586891423313007e-09 
 1.10500000000000024e+12 -1.75844606174464979e-05 -8.60422912145507793e-08  1.00097597966204740e-10 -2.51631832217740760e-09 -9.07543810711589076e-16  2.21182571710915322e-14 -1.75844606174464979e-05 -8.60422912145507793e-08  1.00097597966204740e-10 -2.51631832217740760e-09 
 1.11500000000000024e+12 -1.72704593761449444e-05 -8.37479264037068871e-08  9.65546691569331509e-11 -2.44923957206436907e-09 -8.59789410828709249e-16  2.11442235462625510e-14 -1.72704593761449444e-05 -8.37479264037068871e-08  9.65546691569331509e-11 -2.44923957206436907e-09 
 1.12500000000000024e+12 -1.69647942070463865e-05 -8.15344160791453765e-08  9.31671138378232287e-11 -2.38452382788543379e-09 -8.14941041121261150e-16  2.02212105411755142e-14 -1.69647942070463865e-05 -8.15344160791453765e-08  9.31671138378232287e-11 -2.38452382788543379e-09 
 1.13500000000000024e+12 -1.66671726269473046e-05 -7.93982296937083942e-08  8.99268266545790862e-11 -2.32206795346828414e-09 -7.72798343850572426e-16  1.93461273942027219e-14 -1.66671726269473046e-05 -7.93982296937083942e-08  8.99268266545790862e-11 -2.32206795346828414e-09 
 1.14500000000000024e+12 -1.63773148687616038e-05 -7.73360200923399766e-08  8.68261912950166576e-11 -2.26177416726197996e-09 -7.33176368508468715e-16  1.85160954783541795e-14 -1.63773148687616038e-05 -7.73360200923399766e-08  8.68261912950166576e-11 -2.26177416726197996e-09 
 1.15500000000000024e+12 -1.60949532238227022e-05 -7.53446124936951512e-08  8.38580470559101962e-11 -2.20354972081028162e-09 -6.95904266570839343e-16  1.77284320616117711e-14 -1.60949532238227022e-05 -7.53446124936951512e-08  8.38580470559101962e-11 -2.20354972081028162e-09 
 1.16500000000000024e+12 -1.58198314235329894e-05 -7.34209942218710401e-08  8.10156579593570067e-11 -2.14730659910024406e-09 -6.60824106859361333e-16  1.69806354368798403e-14 -1.58198314235329894e-05 -7.34209942218710401e-08  8.10156579593570067e-11 -2.14730659910024406e-09 
 1.17500000000000024e+12 -1.55517040576930706e-05 -7.15623051312951332e-08  7.82926842044545101e-11 -2.09296124112604874e-09 -6.27789799455338608e-16  1.62703712955603688e-14 -1.55517040576930706e-05 -7.15623051312951332e-08  7.82926842044545101e-11 -2.09296124112604874e-09 
 1.18500000000000024e+12 -1.52903360270451014e-05 -6.97658286725696263e-08  7.56831557597266019e-11 -2.04043427914668813e-09 -5.96666117404430092e-16  1.55954602312980039e-14 -1.52903360270451014e-05 -6.97658286725696263e-08  7.56831557597266019e-11 -2.04043427914668813e-09 
 1.19500000000000024e+12 -1.50355020277493981e-05 -6.80289835514051189e-08  7.31814479193873802e-11 -1.98965029524243239e-09 -5.67327806596999295e-16  1.49538662716393240e-14 -1.50355020277493981e-05 -6.80289835514051189e-08  7.31814479193873802e-11 -1.98965029524243239e-09 
 1.20500000000000024e+12 -1.47869860656831895e-05 -6.63493159367149017e-08  7.07822586625435705e-11 -1.94053759388962639e-09 -5.39658775225160329e-16  1.43436863453601750e-14 -1.47869860656831895e-05 -6.63493159367149017e-08  7.07822586625435705e-11 -1.94053759388962639e-09 
 1.21500000000000024e+12 -1.45445809986059847e-05 -6.47244921775272688e-08  6.84805876687424786e-11 -1.89302798937782366e-09 -5.13551355118098971e-16  1.37631406021721653e-14 -1.45445809986059847e-05 -6.47244921775272688e-08  6.84805876687424786e-11 -1.89302798937782366e-09 
 1.22500000000000024e+12 -1.43080881043794093e-05 -6.31522919916388938e-08  6.62717168563408516e-11 -1.84705660698846103e-09 -4.88905628058094329e-16  1.32105635095428038e-14 -1.43080881043794093e-05 -6.31522919916388938e-08  6.62717168563408516e-11 -1.84705660698846103e-09 
 1.23500000000000024e+12 -1.40773166735603628e-05 -6.16306020919108205e-08  6.41511923218711978e-11 -1.80256169694093984e-09 -4.65628810890676966e-16  1.26843956585549220e-14 -1.40773166735603628e-05 -6.16306020919108205e-08  6.41511923218711978e-11 -1.80256169694093984e-09 
 1.24500000000000024e+12 -1.38520836248079049e-05 -6.01574102188245883e-08  6.21148075692578994e-11 -1.75948446019118628e-09 -4.43634693875710375e-16  1.21831762171854050e-14 -1.38520836248079049e-05 -6.01574102188245883e-08  6.21148075692578994e-11 -1.75948446019118628e-09 
 1.25500000000000024e+12 -1.36322131416555000e-05 -5.87307995503980490e-08  6.01585879273149817e-11 -1.71776888524004414e-09 -4.22843127289631073e-16  1.17055359751790190e-14 -1.36322131416555000e-05 -5.87307995503980490e-08  6.01585879273149817e-11 -1.71776888524004414e-09 
 1.26500000000000024e+12 -1.34175363293025727e-05 -5.73489434628242531e-08  5.82787760627228528e-11 -1.67736159517481703e-09 -4.03179551792023723e-16  1.12501909299027632e-14 -1.34175363293025727e-05 -5.73489434628242531e-08  5.82787760627228528e-11 -1.67736159517481703e-09 
 1.27500000000000024e+12 -1.32078908901745989e-05 -5.60101006172736278e-08  5.64718185035661238e-11 -1.63821170422779042e-09 -3.84574568518027386e-16  1.08159363672542634e-14 -1.32078908901745989e-05 -5.60101006172736278e-08  5.64718185035661238e-11 -1.63821170422779042e-09 
 1.28500000000000024e+12 -1.30031208170874770e-05 -5.47126103501908726e-08  5.47343530957270534e-11 -1.60027068319067677e-09 -3.66963545258892813e-16  1.04016413959173794e-14 -1.30031208170874770e-05 -5.47126103501908726e-08  5.47343530957270534e-11 -1.60027068319067677e-09 
 1.29500000000000024e+12 -1.28030761029332077e-05 -5.34548883461591535e-08  5.30631973209101529e-11 -1.56349223307473534e-09 -3.50286255450851611e-16  1.00062438970632720e-14 -1.28030761029332077e-05 -5.34548883461591535e-08  5.30631973209101529e-11 -1.56349223307473534e-09 
 1.30500000000000024e+12 -1.26076124658778421e-05 -5.22354225739943315e-08  5.14553374110611424e-11 -1.52783216645249246e-09 -3.34486547013284130e-16  9.62874585502439639e-15 -1.26076124658778421e-05 -5.22354225739943315e-08  5.14553374110611424e-11 -1.52783216645249246e-09 
 1.31500000000000024e+12 -1.24165910891315485e-05 -5.10527694681888355e-08  4.99079181992906141e-11 -1.49324829595966924e-09 -3.19512038363834115e-16  9.26820903756690069e-15 -1.24165910891315485e-05 -5.10527694681888355e-08  4.99079181992906141e-11 -1.49324829595966924e-09 
 1.32500000000000024e+12 -1.22298783744145457e-05 -4.99055503391683628e-08  4.84182336523552795e-11 -1.45970032947492400e-09 -3.05313839195544275e-16  8.92375099718420648e-15 -1.22298783744145457e-05 -4.99055503391683628e-08  4.84182336523552795e-11 -1.45970032947492400e-09 
 1.33500000000000024e+12 -1.20473457083010008e-05 -4.87924479970500704e-08  4.69837180342230886e-11 -1.42714977153078973e-09 -2.91846293831826201e-16  8.59454136736373332e-15 -1.20473457083010008e-05 -4.87924479970500704e-08  4.69837180342230886e-11 -1.42714977153078973e-09 
 1.34500000000000024e+12 -1.18688692406780382e-05 -4.77122035747227264e-08  4.56019376543160557e-11 -1.39555983054222450e-09 -2.79066745182183098e-16  8.27979843006793399e-15 -1.18688692406780382e-05 -4.77122035747227264e-08  4.56019376543160557e-11 -1.39555983054222450e-09 
 1.35500000000000024e+12 -1.16943296746070430e-05 -4.66636135371081836e-08  4.42705831577693666e-11 -1.36489533146940673e-09 -2.66935317507909030e-16  7.97878593274295493e-15 -1.16943296746070430e-05 -4.66636135371081836e-08  4.42705831577693666e-11 -1.36489533146940673e-09 
 1.36500000000000024e+12 -1.15236120669215816e-05 -4.56455268644182638e-08  4.29874623184293938e-11 -1.33512263355928018e-09 -2.55414716374317114e-16  7.69081013504612628e-15 -1.15236120669215816e-05 -4.56455268644182638e-08  4.29874623184293938e-11 -1.33512263355928018e-09 
 1.37500000000000024e+12 -1.13566056389395283e-05 -4.46568423981009027e-08  4.17504932984345753e-11 -1.30620955283603241e-09 -2.44470044316837974e-16  7.41521706718694051e-15 -1.13566056389395283e-05 -4.46568423981009027e-08  4.17504932984345753e-11 -1.30620955283603241e-09 
 1.38500000000000024e+12 -1.11932035967072841e-05 -4.36965063389810292e-08  4.05576983410466013e-11 -1.27812528903428185e-09 -2.34068630883958556e-16  7.15138998332147561e-15 -1.11932035967072841e-05 -4.36965063389810292e-08  4.05576983410466013e-11 -1.27812528903428185e-09 
 1.39500000000000024e+12 -1.10333029602314488e-05 -4.27635098878471411e-08  3.94071978660213954e-11 -1.25084035669055847e-09 -2.24179875842472138e-16  6.89874699484402966e-15 -1.10333029602314488e-05 -4.27635098878471411e-08  3.94071978660213954e-11 -1.25084035669055847e-09 
 1.40500000000000024e+12 -1.08768044011879955e-05 -4.18568870194241025e-08  3.82972049391634397e-11 -1.22432652012872694e-09 -2.14775104440744117e-16  6.65673886969539278e-15 -1.08768044011879955e-05 -4.18568870194241025e-08  3.82972049391634397e-11 -1.22432652012872694e-09 
 1.41500000000000024e+12 -1.07236120886314689e-05 -4.09757123813087854e-08  3.72260200899145457e-11 -1.19855673209357403e-09 -2.05827433725512872e-16  6.42484698496741611e-15 -1.07236120886314689e-05 -4.09757123813087854e-08  3.72260200899145457e-11 -1.19855673209357403e-09 
 1.42500000000000024e+12 -1.05736335422565152e-05 -4.01190993100305877e-08  3.61920264527945376e-11 -1.17350507580385442e-09 -1.97311648997606817e-16  6.20258142113931201e-15 -1.05736335422565152e-05 -4.01190993100305877e-08  3.61920264527945376e-11 -1.17350507580385442e-09 
 1.43500000000000024e+12 -1.04267794927923667e-05 -3.92861979569439741e-08  3.51936852103781292e-11 -1.14914671021195504e-09 -1.89204089573550128e-16  5.98947918724281971e-15 -1.04267794927923667e-05 -3.92861979569439741e-08  3.51936852103781292e-11 -1.14914671021195504e-09 
 1.44500000000000024e+12 -1.02829637491365351e-05 -3.84761935171581483e-08  3.42295313171464639e-11 -1.12545781827191110e-09 -1.81482543093531232e-16  5.78510256712943338e-15 -1.02829637491365351e-05 -3.84761935171581483e-08  3.42295313171464639e-11 -1.12545781827191110e-09 
 1.45500000000000024e+12 -1.01421030718587369e-05 -3.76883045551751033e-08  3.32981694851160002e-11 -1.10241555803107985e-09 -1.74126147683006397e-16  5.58903757781232565e-15 -1.01421030718587369e-05 -3.76883045551751033e-08  3.32981694851160002e-11 -1.10241555803107985e-09 
 1.46500000000000024e+12 -1.00041170527280952e-05 -3.69217814213358776e-08  3.23982704135528915e-11 -1.07999801637324880e-09 -1.67115301335556131e-16  5.40089253158438416e-15 -1.00041170527280952e-05 -3.69217814213358776e-08  3.23982704135528915e-11 -1.07999801637324880e-09 
 1.47500000000000024e+12 -9.86892799993824410e-06 -3.61759047535708570e-08  3.15285672463984476e-11 -1.05818416525257588e-09 -1.60431577939469123e-16  5.22029669427990237e-15 -9.86892799993824410e-06 -3.61759047535708570e-08  3.15285672463984476e-11 -1.05818416525257588e-09 
 1.48500000000000024e+12 -9.73646082872437376e-06 -3.54499840593199520e-08  3.06878522422251344e-11 -1.03695382026848823e-09 -1.54057649420194445e-16  5.04689903265556239e-15 -9.73646082872437376e-06 -3.54499840593199520e-08  3.06878522422251344e-11 -1.03695382026848823e-09 
 1.49500000000000024e+12 -9.60664295708460285e-06 -3.47433563728283907e-08  2.98749736426490232e-11 -1.01628760144161045e-09 -1.47977213515947631e-16  4.88036704442261910e-15 -9.60664295708460285e-06 -3.47433563728283907e-08  2.98749736426490232e-11 -1.01628760144161045e-09 
 1.50500000000000024e+12 -9.47940420633529338e-06 -3.40553849833404533e-08  2.90888327261457652e-11 -9.96166896060029687e-10 -1.42174926744766659e-16  4.72038566497079732e-15 -9.47940420633529338e-06 -3.40553849833404533e-08  2.90888327261457652e-11 -9.96166896060029687e-10 
 1.51500000000000024e+12 -9.35467670624600164e-06 -3.33854582300078640e-08  2.83283810351511499e-11 -9.76573823473794952e-10 -1.36636342158578565e-16  4.56665624529042055e-15 -9.35467670624600164e-06 -3.33854582300078640e-08  2.83283810351511499e-11 -9.76573823473794952e-10 
 1.52500000000000024e+12 -9.23239480451434816e-06 -3.27329883596002563e-08  2.75926177651974589e-11 -9.57491201723428469e-10 -1.31347851513761557e-16  4.41889559602522028e-15 -9.23239480451434816e-06 -3.27329883596002563e-08  2.75926177651974589e-11 -9.57491201723428469e-10 
 1.53500000000000024e+12 -9.11249498035572292e-06 -3.20974104433612557e-08  2.68805873056345394e-11 -9.38902515895721491e-10 -1.26296631518563890e-16  4.27683509297992088e-15 -9.11249498035572292e-06 -3.20974104433612557e-08  2.68805873056345394e-11 -9.38902515895721491e-10 
 1.54500000000000024e+12 -8.99491576199511204e-06 -3.14781813495855260e-08  2.61913769222126546e-11 -9.20791888106837548e-10 -1.21470593845806931e-16  4.14021983976437837e-15 -8.99491576199511204e-06 -3.14781813495855260e-08  2.61913769222126546e-11 -9.20791888106837548e-10 
 1.55500000000000024e+12 -8.87959764786123442e-06 -3.08747787687136263e-08  2.55241145725021769e-11 -9.03144049019217835e-10 -1.16858338625015090e-16  4.00880788358546604e-15 -8.87959764786123442e-06 -3.08747787687136263e-08  2.55241145725021769e-11 -9.03144049019217835e-10 
 1.56500000000000024e+12 -8.76648303129405067e-06 -3.02867002879429696e-08  2.48779668457362328e-11 -8.85944310804655773e-10 -1.12449111151396277e-16  3.88236948049939087e-15 -8.76648303129405067e-06 -3.02867002879429696e-08  2.48779668457362328e-11 -8.85944310804655773e-10 
 1.57500000000000024e+12 -8.65551612858810474e-06 -2.97134625125446635e-08  2.42521370192532649e-11 -8.69178541471487413e-10 -1.08232761570470903e-16  3.76068640671473890e-15 -8.65551612858810474e-06 -2.97134625125446635e-08  2.42521370192532649e-11 -8.69178541471487413e-10 
 1.58500000000000024e+12 -8.54664291020349761e-06 -2.91546002312492989e-08  2.36458632242577955e-11 -8.52833140478929477e-10 -1.04199707316631551e-16  3.64355131279111016e-15 -8.54664291020349761e-06 -2.91546002312492989e-08  2.36458632242577955e-11 -8.52833140478929477e-10 
 1.59500000000000024e+12 -8.43981103498640806e-06 -2.86096656232320213e-08  2.30584167141002980e-11 -8.36895015566443666e-10 -1.00340898101639566e-16  3.53076711781277833e-15 -8.43981103498640806e-06 -2.86096656232320213e-08  2.30584167141002980e-11 -8.36895015566443666e-10 
 1.60500000000000024e+12 -8.33496978724945927e-06 -2.80782275043781311e-08  2.24891002287613273e-11 -8.21351560730434171e-10 -9.66477832654278611e-17  3.42214644083224476e-15 -8.33496978724945927e-06 -2.80782275043781311e-08  2.24891002287613273e-11 -8.21351560730434171e-10 
 1.61500000000000024e+12 -8.23207001657075790e-06 -2.75598706106536943e-08  2.19372464496255223e-11 -8.06190635284757877e-10 -9.31122813163400411e-17  3.31751106707708688e-15 -8.23207001657075790e-06 -2.75598706106536943e-08  2.19372464496255223e-11 -8.06190635284757877e-10 
 1.62500000000000024e+12 -8.13106408017819466e-06 -2.70541949165393534e-08  2.14022165390502452e-11 -7.91400543945421466e-10 -8.97267515016479588e-17  3.21669144659632468e-15 -8.13106408017819466e-06 -2.70541949165393534e-08  2.14022165390502452e-11 -7.91400543945421466e-10 
 1.63500000000000024e+12 -8.03190578779287456e-06 -2.65608149866085342e-08  2.08833987595849898e-11 -7.76970017883449480e-10 -8.64839672615880193e-17  3.11952622319087720e-15 -8.03190578779287456e-06 -2.65608149866085342e-08  2.08833987595849898e-11 -7.76970017883449480e-10 
 1.64500000000000024e+12 -7.93455034881244023e-06 -2.60793593584478858e-08  2.03802071680468935e-11 -7.62888196693290994e-10 -8.33770914316141876e-17  3.02586179162802777e-15 -7.93455034881244023e-06 -2.60793593584478858e-08  2.03802071680468935e-11 -7.62888196693290994e-10 
 1.65500000000000024e+12 -7.83895432172158867e-06 -2.56094699552259696e-08  1.98920803799671792e-11 -7.49144611227298857e-10 -8.03996530680063263e-17  2.93555188128302132e-15 -7.83895432172158867e-06 -2.56094699552259696e-08  1.98920803799671792e-11 -7.49144611227298857e-10 
 1.66500000000000024e+12 -7.74507556562299438e-06 -2.51508015263172302e-08  1.94184804002234560e-11 -7.35729167249775140e-10 -7.75455257816030052e-17  2.84845716448321275e-15 -7.74507556562299438e-06 -2.51508015263172302e-08  1.94184804002234560e-11 -7.35729167249775140e-10 
 1.67500000000000024e+12 -7.65287319378775217e-06 -2.47030211144825574e-08  1.89588915159395748e-11 -7.22632129866798684e-10 -7.48089074732128117e-17  2.76444488795199829e-15 -7.65287319378775217e-06 -2.47030211144825574e-08  1.89588915159395748e-11 -7.22632129866798684e-10 
 1.68500000000000024e+12 -7.56230752912973590e-06 -2.42658075481968731e-08  1.85128192479934148e-11 -7.09844108690689214e-10 -7.21843013723721575e-17  2.68338852586287013e-15 -7.56230752912973590e-06 -2.42658075481968731e-08  1.85128192479934148e-11 -7.09844108690689214e-10 
 1.69500000000000024e+12 -7.47334006151324737e-06 -2.38388509577957444e-08  1.80797893577001727e-11 -6.97356043700321641e-10 -6.96664982885140486e-17  2.60516745311780130e-15 -7.47334006151324737e-06 -2.38388509577957444e-08  1.80797893577001727e-11 -6.97356043700321641e-10 
 1.70500000000000024e+12 -7.38593340680836688e-06 -2.34218523141920375e-08  1.76593469054705248e-11 -6.85159191760799569e-10 -6.72505599904930240e-17  2.52966663756078583e-15 -7.38593340680836688e-06 -2.34218523141920375e-08  1.76593469054705248e-11 -6.85159191760799569e-10 
 1.71500000000000024e+12 -7.30005126761250152e-06 -2.30145229889840236e-08  1.72510553584344816e-11 -6.73245113768092405e-10 -6.49318036366427070e-17  2.45677634992631834e-15 -7.30005126761250152e-06 -2.30145229889840236e-08  1.72510553584344816e-11 -6.73245113768092405e-10 
 1.72500000000000024e+12 -7.21565839556127470e-06 -2.26165843348462024e-08  1.68544957442189552e-11 -6.61605662386236316e-10 -6.27057871833511405e-17  2.38639189040525852e-15 -7.21565839556127470e-06 -2.26165843348462024e-08  1.68544957442189552e-11 -6.61605662386236316e-10 
 1.73500000000000024e+12 -7.13272055515555807e-06 -2.22277672851562001e-08  1.64692658482419700e-11 -6.50232970346534324e-10 -6.05682957054474827e-17  2.31841333078675418e-15 -7.13272055515555807e-06 -2.22277672851562001e-08  1.64692658482419700e-11 -6.50232970346534324e-10 
 1.74500000000000024e+12 -7.05120448903544834e-06 -2.18478119718720354e-08  1.60949794520507744e-11 -6.39119439279971174e-10 -5.85153285665932565e-17  2.25274527120587076e-15 -7.05120448903544834e-06 -2.18478119718720354e-08  1.60949794520507744e-11 -6.39119439279971174e-10 
 1.75500000000000024e+12 -6.97107788463526188e-06 -2.14764673607280817e-08  1.57312656103852305e-11 -6.28257729055629898e-10 -5.65430873823841192e-17  2.18929661059192347e-15 -6.97107788463526188e-06 -2.14764673607280817e-08  1.57312656103852305e-11 -6.28257729055629898e-10 
 1.76500000000000024e+12 -6.89230934215733665e-06 -2.11134909028728656e-08  1.53777679647921820e-11 -6.17640747599490823e-10 -5.46479647230327983e-17  2.12798032997354699e-15 -6.89230934215733665e-06 -2.11134909028728656e-08  1.53777679647921820e-11 -6.17640747599490823e-10 
 1.77500000000000024e+12 -6.81486834380517238e-06 -2.07586482021187614e-08  1.50341440917465178e-11 -6.07261641169384090e-10 -5.28265335063276535e-17  2.06871328785278988e-15 -6.81486834380517238e-06 -2.07586482021187614e-08  1.50341440917465178e-11 -6.07261641169384090e-10 
 1.78500000000000024e+12 -6.73872522421976225e-06 -2.04117126970213959e-08  1.47000648833651332e-11 -5.97113785063240259e-10 -5.10755370351212904e-17  2.01141602691295790e-15 -6.73872522421976225e-06 -2.04117126970213959e-08  1.47000648833651332e-11 -5.97113785063240259e-10 
 1.79500000000000024e+12 -6.66385114206558307e-06 -2.00724653570491385e-08  1.43752139589111258e-11 -5.87190774739033569e-10 -4.93918796368526281e-17  1.95601259137347264e-15 -6.66385114206558307e-06 -2.00724653570491385e-08  1.43752139589111258e-11 -5.87190774739033569e-10 
 1.80500000000000024e+12 -6.59021805271546403e-06 -1.97406943921441563e-08  1.40592871053965747e-11 -5.77486417326025775e-10 -4.77726178656315948e-17  1.90243035435024324e-15 -6.59021805271546403e-06 -1.97406943921441563e-08  1.40592871053965747e-11 -5.77486417326025775e-10 
 1.81500000000000024e+12 -6.51779868198596442e-06 -1.94161949750144431e-08  1.37519917456960327e-11 -5.67994723507994866e-10 -4.62149522302103334e-17  1.85059985462181748e-15 -6.51779868198596442e-06 -1.94161949750144431e-08  1.37519917456960327e-11 -5.67994723507994866e-10 
 1.82500000000000024e+12 -6.44656650087744763e-06 -1.90987689755327191e-08  1.34530464326728315e-11 -5.58709899760239007e-10 -4.47162194137257663e-17  1.80045464224082197e-15 -6.44656650087744763e-06 -1.90987689755327191e-08  1.34530464326728315e-11 -5.58709899760239007e-10 
 1.83500000000000024e+12 -6.37649570127506318e-06 -1.87882247066514219e-08  1.31621803679144829e-11 -5.49626340923077445e-10 -4.32738849534987344e-17  1.75193113246616679e-15 -6.37649570127506318e-06 -1.87882247066514219e-08  1.31621803679144829e-11 -5.49626340923077445e-10 
 1.84500000000000024e+12 -6.30756117256915335e-06 -1.84843766812751038e-08  1.28791329437531178e-11 -5.40738623095549415e-10 -4.18855363513686362e-17  1.70496846752551024e-15 -6.30756117256915335e-06 -1.84843766812751038e-08  1.28791329437531178e-11 -5.40738623095549415e-10 
 1.85500000000000024e+12 -6.23973847915551026e-06 -1.81870453795616977e-08  1.26036533073262266e-11 -5.32041496833847627e-10 -4.05488765870879620e-17  1.65950838574860426e-15 -6.23973847915551026e-06 -1.81870453795616977e-08  1.26036533073262266e-11 -5.32041496833847627e-10 
 1.86500000000000024e+12 -6.17300383877785891e-06 -1.78960570261517901e-08  1.23354999455048595e-11 -5.23529880639874076e-10 -3.92617180091881019e-17  1.61549509764159759e-15 -6.17300383877785891e-06 -1.78960570261517901e-08  1.23354999455048595e-11 -5.23529880639874076e-10 
 1.87500000000000024e+12 -6.10733410167670636e-06 -1.76112433768520317e-08  1.20744402895867276e-11 -5.15198854726066222e-10 -3.80219765794839361e-17  1.57287516849941904e-15 -6.10733410167670636e-06 -1.76112433768520317e-08  1.20744402895867276e-11 -5.15198854726066222e-10 
 1.88500000000000024e+12 -6.04270673051044771e-06 -1.73324415143237832e-08  1.18202503387118330e-11 -5.07043655043374648e-10 -3.68276664489962770e-17  1.53159740717885941e-15 -6.04270673051044771e-06 -1.73324415143237832e-08  1.18202503387118330e-11 -5.07043655043374648e-10 
 1.89500000000000024e+12 -5.97909978101621222e-06 -1.70594936523514198e-08  1.15727143010227651e-11 -4.99059667559970645e-10 -3.56768948445881641e-17  1.49161276067853091e-15 -5.97909978101621222e-06 -1.70594936523514198e-08  1.15727143010227651e-11 -4.99059667559970645e-10 
 1.90500000000000024e+12 -5.91649188337944991e-06 -1.67922469482871348e-08  1.13316242516439667e-11 -4.91242422778894323e-10 -3.45678572469946977e-17  1.45287421419397497e-15 -5.91649188337944991e-06 -1.67922469482871348e-08  1.13316242516439667e-11 -4.91242422778894323e-10 
 1.91500000000000024e+12 -5.85486222428273687e-06 -1.65305533232900568e-08  1.10967798066088255e-11 -4.83587590483483345e-10 -3.34988328422249964e-17  1.41533669633674279e-15 -5.85486222428273687e-06 -1.65305533232900568e-08  1.10967798066088255e-11 -4.83587590483483345e-10 
 1.92500000000000024e+12 -5.79419052960564570e-06 -1.62742692899969864e-08  1.08679878119132349e-11 -4.76090974699985477e-10 -3.24681802295182068e-17  1.37895698922546518e-15 -5.79419052960564570e-06 -1.62742692899969864e-08  1.08679878119132349e-11 -4.76090974699985477e-10 
 1.93500000000000024e+12 -5.73445704774886230e-06 -1.60232557872812075e-08  1.06450620469198858e-11 -4.68748508867312884e-10 -3.14743333701479364e-17  1.34369364317486428e-15 -5.73445704774886230e-06 -1.60232557872812075e-08  1.06450620469198858e-11 -4.68748508867312884e-10 
 1.94500000000000024e+12 -5.67564253355686439e-06 -1.57773780217726222e-08  1.04278229413794419e-11 -4.61556251204399581e-10 -3.05157977624013169e-17  1.30950689572534382e-15 -5.67564253355686439e-06 -1.57773780217726222e-08  1.04278229413794419e-11 -4.61556251204399581e-10 
 1.95500000000000024e+12 -5.61772823281481810e-06 -1.55365053158299191e-08  1.02160973053811141e-11 -4.54510380266118946e-10 -2.95911468290378765e-17  1.27635859477150127e-15 -5.61772823281481810e-06 -1.55365053158299191e-08  1.02160973053811141e-11 -4.54510380266118946e-10 
 1.96500000000000024e+12 -5.56069586729632295e-06 -1.53005109616707455e-08  1.00097180715748349e-11 -4.47607190679168855e-10 -2.86990185044029615e-17  1.24421212556243078e-15 -5.56069586729632295e-06 -1.53005109616707455e-08  1.00097180715748349e-11 -4.47607190679168855e-10 
 1.97500000000000024e+12 -5.50452762033975869e-06 -1.50692720813803065e-08  9.80852404905340226e-12 -4.40843089049766927e-10 -2.78381120092327881e-17  1.21303234136041596e-15 -5.50452762033975869e-06 -1.50692720813803065e-08  9.80852404905340226e-12 -4.40843089049766927e-10 
 1.98500000000000024e+12 -5.44920612293197281e-06 -1.48426694925337601e-08  9.61235968830699736e-12 -4.34214590035406916e-10 -2.70071848019337024e-17  1.18278549755732047e-15 -5.44920612293197281e-06 -1.48426694925337601e-08  9.61235968830699736e-12 -4.34214590035406916e-10 
 1.99500000000000024e+12 -5.39471444027909150e-06 -1.46205875791800591e-08  9.42107485670378181e-12 -4.27718312573317699e-10 -2.62050496958662974e-17  1.15343918905998665e-15 -5.39471444027909150e-06 -1.46205875791800591e-08  9.42107485670378181e-12 -4.27718312573317699e-10 
 2.00500000000000024e+12 -5.34103605884490639e-06 -1.44029141679477943e-08  9.23452462397100868e-12 -4.21350976258619252e-10 -2.54305721328101929e-17  1.12496229076707318e-15 -5.34103605884490639e-06 -1.44029141679477943e-08  9.23452462397100868e-12 -4.21350976258619252e-10 
