 frequency                tx_difference            tx_difference            pad_difference           pad_difference           die_difference           die_difference           v(csrc)                  v(csrc)                  v(cload)                 v(cload)                
 5.00000000000000000e+09  5.19626989120016258e-01 -1.34199185071745153e+00  5.19626989120016258e-01 -1.34199185071745264e+00 -7.16955080539606104e-01  6.65944922309233078e-01  5.19626989120015814e-01 -1.34199185071745175e+00  5.19626989120016258e-01 -1.34199185071745264e+00 
 1.50000000000000019e+10 -6.44665271557487707e-02 -1.91411341041793776e-02 -6.44665271557496589e-02 -1.91411341041796447e-02  3.10853081326004609e-03  1.25983905780206566e-03 -6.44665271557487846e-02 -1.91411341041793810e-02 -6.44665271557496589e-02 -1.91411341041796447e-02 
 2.50000000000000038e+10 -2.31159366387925780e-02 -4.02003633459808735e-03 -2.31159366387938131e-02 -4.02003633459830159e-03  3.98746155678032863e-04  9.26693123458201642e-05 -2.31159366387925641e-02 -4.02003633459808735e-03 -2.31159366387938131e-02 -4.02003633459830159e-03 
 3.50000000000000076e+10 -1.17878383010917159e-02 -1.45537996084519261e-03 -1.17878383010925538e-02 -1.45537996084529908e-03  1.03525259382885812e-04  1.69871028807804212e-05 -1.17878383010917194e-02 -1.45537996084519326e-03 -1.17878383010925538e-02 -1.45537996084529908e-03 
 4.50000000000000076e+10 -7.12992897457306873e-03 -6.82997666357255799e-04 -7.12992897457366721e-03 -6.82997666357310984e-04  3.78454039370401557e-05  4.80741060404564729e-06 -7.12992897457306787e-03 -6.82997666357255473e-04 -7.12992897457366721e-03 -6.82997666357310984e-04 
 5.50000000000000076e+10 -4.77266879571695314e-03 -3.73604630903677970e-04 -4.77266879571882231e-03 -3.73604630903823633e-04  1.69505949782607364e-05  1.75757665380920512e-06 -4.77266879571694794e-03 -3.73604630903677970e-04 -4.77266879571882231e-03 -3.73604630903823633e-04 
 6.50000000000000076e+10 -3.41702759153865269e-03 -2.26174662524343594e-04 -3.41702759153898880e-03 -2.26174662524364708e-04  8.68665058578020966e-06  7.61110929867076446e-07 -3.41702759153865313e-03 -2.26174662524343566e-04 -3.41702759153898880e-03 -2.26174662524364708e-04 
 7.50000000000000153e+10 -2.56652938668350261e-03 -1.47164537077151445e-04 -2.56652938668481189e-03 -1.47164537077227312e-04  4.89981354259567282e-06  3.71759833526093505e-07 -2.56652938668350261e-03 -1.47164537077151472e-04 -2.56652938668481189e-03 -1.47164537077227312e-04 
 8.50000000000000153e+10 -1.99814476398237160e-03 -1.01064603366097705e-04 -1.99814476398442768e-03 -1.01064603366202941e-04  2.96957846121418247e-06  1.98690315341619471e-07 -1.99814476398237116e-03 -1.01064603366097705e-04 -1.99814476398442768e-03 -1.01064603366202941e-04 
 9.50000000000000153e+10 -1.59961315162952073e-03 -7.23758024436013642e-05 -1.59961315163049999e-03 -7.23758024436459792e-05  1.90299752647704552e-06  1.13879358741268481e-07 -1.59961315162952095e-03 -7.23758024436013778e-05 -1.59961315163049999e-03 -7.23758024436459792e-05 
 1.05000000000000015e+11 -1.30942838083532558e-03 -5.35956726858541878e-05 -1.30942838083694191e-03 -5.35956726859211847e-05  1.27511077697895875e-06  6.90184219814393097e-08 -1.30942838083532602e-03 -5.35956726858542081e-05 -1.30942838083694191e-03 -5.35956726859211847e-05 
 1.15000000000000015e+11 -1.09159952869053011e-03 -4.07900465634902944e-05 -1.09159952869129209e-03 -4.07900465635187276e-05  8.86121153601170249e-07  4.37833169735672326e-08 -1.09159952869053011e-03 -4.07900465634902944e-05 -1.09159952869129209e-03 -4.07900465635187276e-05 
 1.25000000000000015e+11 -9.23927723210589890e-04 -3.17599141032607487e-05 -9.23927723211904594e-04 -3.17599141033064546e-05  6.34787743298038231e-07  2.88509657533788008e-08 -9.23927723210589782e-04 -3.17599141032607623e-05 -9.23927723211904594e-04 -3.17599141033064546e-05 
 1.35000000000000015e+11 -7.92117706300598037e-04 -2.52102947216852866e-05 -7.92117706301207684e-04 -2.52102947217047954e-05  4.66574536883443365e-07  1.96323761584356243e-08 -7.92117706300598688e-04 -2.52102947216852933e-05 -7.92117706301207684e-04 -2.52102947217047954e-05 
 1.45000000000000031e+11 -6.86626641936395284e-04 -2.03446923128730727e-05 -6.86626641937491630e-04 -2.03446923129052667e-05  3.50569490617067788e-07  1.37324088302371784e-08 -6.86626641936395393e-04 -2.03446923128730727e-05 -6.86626641937491630e-04 -2.03446923129052667e-05 
 1.55000000000000031e+11 -6.00886954125647867e-04 -1.66548400503316206e-05 -6.00886954127168786e-04 -1.66548400503741620e-05  2.68479558244137941e-07  9.83747350827352772e-09 -6.00886954125647867e-04 -1.66548400503316206e-05 -6.00886954127168786e-04 -1.66548400503741620e-05 
 1.65000000000000031e+11 -5.30258805581961196e-04 -1.38059918769231340e-05 -5.30258805583855622e-04 -1.38059918769721094e-05  2.09071850104446884e-07  7.19590725862107629e-09 -5.30258805581961413e-04 -1.38059918769231323e-05 -5.30258805583855622e-04 -1.38059918769721094e-05 
 1.75000000000000031e+11 -4.71388903639433999e-04 -1.15715589964378714e-05 -4.71388903640750166e-04 -1.15715589964708040e-05  1.65224170297456616e-07  5.36147613238320237e-09 -4.71388903639433999e-04 -1.15715589964378731e-05 -4.71388903640750166e-04 -1.15715589964708040e-05 
 1.85000000000000031e+11 -4.21805000548565023e-04 -9.79443819905048905e-06 -4.21805000549365381e-04 -9.79443819906928810e-06  1.32292180494173946e-07  4.06059953034696586e-09 -4.21805000548564914e-04 -9.79443819905048905e-06 -4.21805000549365381e-04 -9.79443819906928810e-06 
 1.95000000000000031e+11 -3.79652032068022245e-04 -8.36336929224058048e-06 -3.79652032069175511e-04 -8.36336929226588305e-06  1.07171339741560259e-07  3.12071277627669054e-09 -3.79652032068022083e-04 -8.36336929224058217e-06 -3.79652032069175511e-04 -8.36336929226588305e-06 
 2.05000000000000031e+11 -3.43516050487163477e-04 -7.19805715438365591e-06 -3.43516050487859481e-04 -7.19805715439784541e-06  8.77401246511336454e-08  2.43018165926706621e-09 -3.43516050487163640e-04 -7.19805715438365337e-06 -3.43516050487859481e-04 -7.19805715439784541e-06 
 2.15000000000000031e+11 -3.12304087354740097e-04 -6.23956601054065488e-06 -3.12304087355760765e-04 -6.23956601056108023e-06  7.25198510175702483e-08  1.91513546101027881e-09 -3.12304087354740097e-04 -6.23956601054064810e-06 -3.12304087355760765e-04 -6.23956601056108023e-06 
 2.25000000000000031e+11 -2.85160525502593711e-04 -5.44397380097077231e-06 -2.85160525502496133e-04 -5.44397380096898846e-06  6.04613871199971084e-08  1.52568571146125183e-09 -2.85160525502593657e-04 -5.44397380097076723e-06 -2.85160525502496133e-04 -5.44397380096898846e-06 
 2.35000000000000031e+11 -2.61407829596734963e-04 -4.77809284787393814e-06 -2.61407829596968554e-04 -4.77809284787866628e-06  5.08082792532510858e-08  1.22751270543735478e-09 -2.61407829596734963e-04 -4.77809284787393729e-06 -2.61407829596968554e-04 -4.77809284787866628e-06 
 2.45000000000000031e+11 -2.40503851619536810e-04 -4.21652964973340567e-06 -2.40503851620074276e-04 -4.21652964974318043e-06  4.30070470715819811e-08  9.96607168531246050e-10 -2.40503851619536702e-04 -4.21652964973340313e-06 -2.40503851620074276e-04 -4.21652964974318043e-06 
 2.55000000000000031e+11 -2.22010617971131783e-04 -3.73963021350033343e-06 -2.22010617971949705e-04 -3.73963021351376568e-06  3.66472586789425081e-08  8.15913093556924859e-10 -2.22010617971131892e-04 -3.73963021350033428e-06 -2.22010617971949705e-04 -3.73963021351376568e-06 
 2.65000000000000031e+11 -2.05571200334779840e-04 -3.33202182182183318e-06 -2.05571200335856561e-04 -3.33202182183924097e-06  3.14207948712549407e-08  6.73142297334196880e-10 -2.05571200334779758e-04 -3.33202182182183445e-06 -2.05571200335856561e-04 -3.33202182183924097e-06 
 2.75000000000000061e+11 -1.90892363228117439e-04 -2.98156331354198396e-06 -1.90892363230591805e-04 -2.98156331358063153e-06  2.70937114964942001e-08  5.59326174263501122e-10 -1.90892363228117412e-04 -2.98156331354198523e-06 -1.90892363230591805e-04 -2.98156331358063153e-06 
 2.85000000000000061e+11 -1.77731396318527403e-04 -2.67857950780412052e-06 -1.77731396320067730e-04 -2.67857950782742197e-06  2.34865158159055433e-08  4.67840122019463265e-10 -1.77731396318527295e-04 -2.67857950780411882e-06 -1.77731396320067730e-04 -2.67857950782742197e-06 
 2.95000000000000061e+11 -1.65886016627824867e-04 -2.41529608952153860e-06 -1.65886016629573766e-04 -2.41529608954719396e-06  2.04601518478025274e-08  3.93736359195099388e-10 -1.65886016627825002e-04 -2.41529608952154030e-06 -1.65886016629573766e-04 -2.41529608954719396e-06 
 3.05000000000000061e+11 -1.55186549116376746e-04 -2.18541778584859774e-06 -1.55186549117276444e-04 -2.18541778586146713e-06  1.79059162569210621e-08  3.33281216232305703e-10 -1.55186549116376692e-04 -2.18541778584859604e-06 -1.55186549117276444e-04 -2.18541778586146713e-06 
 3.15000000000000061e+11 -1.45489816513474999e-04 -1.98381022026976705e-06 -1.45489816514590101e-04 -1.98381022028497850e-06  1.57381172283613061e-08  2.83630036122681821e-10 -1.45489816513474972e-04 -1.98381022026976621e-06 -1.45489816514590101e-04 -1.98381022028497850e-06 
 3.25000000000000061e+11 -1.36674324366076248e-04 -1.80625763509428782e-06 -1.36674324367393472e-04 -1.80625763511200415e-06  1.38886717903585589e-08  2.42595978860640649e-10 -1.36674324366076248e-04 -1.80625763509428697e-06 -1.36674324367393472e-04 -1.80625763511200415e-06 
 3.35000000000000061e+11 -1.28636436763558432e-04 -1.64927672002742510e-06 -1.28636436765065744e-04 -1.64927672004681834e-06  1.23030891810475151e-08  2.08483738410538281e-10 -1.28636436763558459e-04 -1.64927672002742594e-06 -1.28636436765065744e-04 -1.64927672004681834e-06 
 3.45000000000000061e+11 -1.21287316459169449e-04 -1.50997234277766602e-06 -1.21287316459933148e-04 -1.50997234278709434e-06  1.09374561846460211e-08  1.79968676346617691e-10 -1.21287316459169463e-04 -1.50997234277766686e-06 -1.21287316459933148e-04 -1.50997234278709434e-06 
 3.55000000000000061e+11 -1.14550459628861141e-04 -1.38592486331078255e-06 -1.14550459629819806e-04 -1.38592486332258003e-06  9.75615425757547408e-09  1.56008092879826235e-10 -1.14550459628861195e-04 -1.38592486331078276e-06 -1.14550459629819806e-04 -1.38592486332258003e-06 
 3.65000000000000061e+11 -1.08359696780408366e-04 -1.27510146119068700e-06 -1.08359696781551332e-04 -1.27510146120437612e-06  8.73011628516479209e-09  1.35775481088860127e-10 -1.08359696780408433e-04 -1.27510146119068679e-06 -1.08359696781551332e-04 -1.27510146120437612e-06 
 3.75000000000000061e+11 -1.02657561727119372e-04 -1.17578586911008688e-06 -1.02657561728436650e-04 -1.17578586912541373e-06  7.83548488699780875e-09  1.18611382410035188e-10 -1.02657561727119304e-04 -1.17578586911008667e-06 -1.02657561728436650e-04 -1.17578586912541373e-06 
 3.85000000000000061e+11 -9.73939531709870794e-05 -1.08652232353115094e-06 -9.73939531724698479e-05 -1.08652232354775935e-06  7.05257207803852723e-09  1.03986346685939489e-10 -9.73939531709871201e-05 -1.08652232353115157e-06 -9.73939531724698479e-05 -1.08652232354775935e-06 
 3.95000000000000061e+11 -9.25250304021742941e-05 -1.00607057640238425e-06 -9.25250304038139466e-05 -1.00607057642005992e-06  6.36504691984816850e-09  9.14727966415753260e-11 -9.25250304021741992e-05 -1.00607057640238404e-06 -9.25250304038139466e-05 -1.00607057642005992e-06 
 4.05000000000000061e+11 -8.80122974565753727e-05 -9.33369571582249156e-07 -8.80122974575783140e-05 -9.33369571592642250e-07  5.75929697345290386e-09  8.07234977760612411e-11 -8.80122974565753321e-05 -9.33369571582249368e-07 -8.80122974575783140e-05 -9.33369571592642250e-07 
 4.15000000000000061e+11 -8.38218398497083019e-05 -8.67507952825056889e-07 -8.38218398516393743e-05 -8.67507952845164392e-07  5.22392320237152565e-09  7.14549672436778190e-11 -8.38218398497082883e-05 -8.67507952825057312e-07 -8.38218398516393743e-05 -8.67507952845164392e-07 
 4.25000000000000061e+11 -7.99236855186370954e-05 -8.07699991245284734e-07 -7.99236855199545636e-05 -8.07699991258622644e-07  4.74933804357041387e-09  6.34346035592794389e-11 -7.99236855186371496e-05 -8.07699991245285158e-07 -7.99236855199545636e-05 -8.07699991258622644e-07 
 4.35000000000000061e+11 -7.62912673882355276e-05 -7.53265837030272965e-07 -7.62912673904311725e-05 -7.53265837052192378e-07  4.32744375606730078e-09  5.64706395163149137e-11 -7.62912673882355411e-05 -7.53265837030272330e-07 -7.62912673904311725e-05 -7.53265837052192378e-07 
 4.45000000000000061e+11 -7.29009695162398293e-05 -7.03615240906791904e-07 -7.29009695164126105e-05 -7.03615240908445842e-07  3.95137361894987578e-09  5.04042517905236449e-11 -7.29009695162398293e-05 -7.03615240906791163e-07 -7.29009695164126105e-05 -7.03615240908445842e-07 
 4.55000000000000061e+11 -6.97317422702337629e-05 -6.58234074152157234e-07 -6.97317422712712901e-05 -6.58234074161921088e-07  3.61528262705919744e-09  4.51033287814115976e-11 -6.97317422702337222e-05 -6.58234074152156704e-07 -6.97317422712712901e-05 -6.58234074161921088e-07 
 4.65000000000000061e+11 -6.67647748116716497e-05 -6.16673117508500831e-07 -6.67647748121674825e-05 -6.16673117512854686e-07  3.31417738350198962e-09  4.04575212615485825e-11 -6.67647748116716091e-05 -6.16673117508500937e-07 -6.67647748121674825e-05 -6.16673117512854686e-07 
 4.75000000000000061e+11 -6.39832153169787112e-05 -5.78538698053317157e-07 -6.39832153169556990e-05 -5.78538698053108046e-07  3.04377720220253459e-09  3.63742913030753719e-11 -6.39832153169787112e-05 -5.78538698053317051e-07 -6.39832153169556990e-05 -5.78538698053108046e-07 
 4.85000000000000061e+11 -6.13719311615394143e-05 -5.43484838432999451e-07 -6.13719311623317222e-05 -5.43484838439843160e-07  2.80040018415480160e-09  3.27757423805466507e-11 -6.13719311615394008e-05 -5.43484838432999451e-07 -6.13719311623317222e-05 -5.43484838439843160e-07 
 4.95000000000000061e+11 -5.89173026679728364e-05 -5.11206649040617721e-07 -5.89173026682612275e-05 -5.11206649043183173e-07  2.58086937699786928e-09  2.95960640790536472e-11 -5.89173026679728161e-05 -5.11206649040617827e-07 -5.89173026682612275e-05 -5.11206649043183173e-07 
 5.05000000000000061e+11 -5.66070451516168834e-05 -4.81434746035002261e-07 -5.66070451526822001e-05 -4.81434746044042962e-07  2.38243516033995949e-09  2.67794628378135215e-11 -5.66070451516168969e-05 -4.81434746035002261e-07 -5.66070451526822001e-05 -4.81434746044042962e-07 
 5.15000000000000061e+11 -5.44300549211565430e-05 -4.53930519534916413e-07 -5.44300549217321866e-05 -4.53930519539547512e-07  2.20271079772018268e-09  2.42784789367528786e-11 -5.44300549211565362e-05 -4.53930519534916889e-07 -5.44300549217321866e-05 -4.53930519539547512e-07 
 5.25000000000000061e+11 -5.23762756073566945e-05 -4.28482108948972204e-07 -5.23762756086742170e-05 -4.28482108959854513e-07  2.03961872054190517e-09  2.20526118938850055e-11 -5.23762756073567284e-05 -4.28482108948972363e-07 -5.23762756086742170e-05 -4.28482108959854513e-07 
 5.35000000000000061e+11 -5.04365818215233495e-05 -4.04900968837453213e-07 -5.04365818223648192e-05 -4.04900968844142709e-07  1.89134559356767805e-09  2.00671932201242995e-11 -5.04365818215233902e-05 -4.04900968837453372e-07 -5.04365818223648192e-05 -4.04900968844142709e-07 
 5.45000000000000061e+11 -4.86026776115372001e-05 -3.83018929493170988e-07 -4.86026776130883478e-05 -3.83018929505176198e-07  1.75630459634259905e-09  1.82924584493065752e-11 -4.86026776115371730e-05 -3.83018929493170988e-07 -4.86026776130883478e-05 -3.83018929505176198e-07 
 5.55000000000000122e+11 -4.68670076139830562e-05 -3.62685673578224237e-07 -4.68670076150711141e-05 -3.62685673586719024e-07  1.63310365479921961e-09  1.67027803599137033e-11 -4.68670076139830630e-05 -3.62685673578224131e-07 -4.68670076150711141e-05 -3.62685673586719024e-07 
 5.65000000000000122e+11 -4.52226791095644494e-05 -3.43766563635151930e-07 -4.52226791102057889e-05 -3.43766563640043175e-07  1.52051859893556621e-09  1.52760331261604808e-11 -4.52226791095644697e-05 -3.43766563635151878e-07 -4.52226791102057889e-05 -3.43766563640043175e-07 
 5.75000000000000122e+11 -4.36633934872352456e-05 -3.26140766588710087e-07 -4.36633934885527275e-05 -3.26140766598633395e-07  1.41747041166915663e-09  1.39930632150166619e-11 -4.36633934872352118e-05 -3.26140766588709875e-07 -4.36633934885527275e-05 -3.26140766598633395e-07 
 5.85000000000000122e+11 -4.21833858380798690e-05 -3.09699630310377921e-07 -4.21833858389620301e-05 -3.09699630316712351e-07  1.32300588784426916e-09  1.28372476461529836e-11 -4.21833858380798961e-05 -3.09699630310377974e-07 -4.21833858389620301e-05 -3.09699630316712351e-07 
 5.95000000000000122e+11 -4.07773715917071313e-05 -2.94345274737730645e-07 -4.07773715932387227e-05 -2.94345274748769708e-07  1.23628114501214738e-09  1.17941240086783764e-11 -4.07773715917071584e-05 -2.94345274737730804e-07 -4.07773715932387227e-05 -2.94345274748769708e-07 
 6.05000000000000122e+11 -3.94404992803131671e-05 -2.79989366230200722e-07 -3.94404992814201985e-05 -2.79989366238106875e-07  1.15654752581501500e-09  1.08510796135381400e-11 -3.94404992803131603e-05 -2.79989366230200722e-07 -3.94404992814201985e-05 -2.79989366238106875e-07 
 6.15000000000000122e+11 -3.81683086294762824e-05 -2.66552048707409656e-07 -3.81683086312079904e-05 -2.66552048719424978e-07  1.08313951330707857e-09  9.99708955499165322e-12 -3.81683086294762959e-05 -2.66552048707409656e-07 -3.81683086312079904e-05 -2.66552048719424978e-07 
 6.25000000000000122e+11 -3.69566933100054653e-05 -2.53961009436124916e-07 -3.69566933113230352e-05 -2.53961009445302783e-07  1.01546434425680422e-09  9.22249534216153238e-12 -3.69566933100054992e-05 -2.53961009436124757e-07 -3.69566933113230352e-05 -2.53961009445302783e-07 
 6.35000000000000122e+11 -3.58018677578929718e-05 -2.42150660611245596e-07 -3.58018677598121994e-05 -2.42150660624265446e-07  9.52993060013523801e-10  8.51881729994122403e-12 -3.58018677578929786e-05 -2.42150660611245702e-07 -3.58018677598121994e-05 -2.42150660624265446e-07 
 6.45000000000000122e+11 -3.47003375720458405e-05 -2.31061420896427483e-07 -3.47003375735608098e-05 -2.31061420906509081e-07  8.95252776673304323e-10  7.87859515324223256e-12 -3.47003375720458202e-05 -2.31061420896427378e-07 -3.47003375735608098e-05 -2.31061420906509081e-07 
 6.55000000000000122e+11 -3.36488730464090929e-05 -2.20639083335620637e-07 -3.36488730475322382e-05 -2.20639083342924205e-07  8.41819993233217250e-10  7.29525221090676018e-12 -3.36488730464091200e-05 -2.20639083335620557e-07 -3.36488730475322382e-05 -2.20639083342924205e-07 
 6.65000000000000122e+11 -3.26444854700627785e-05 -2.10834258175237091e-07 -3.26444854717633835e-05 -2.10834258186071887e-07  7.92314784752222847e-10  6.76297935912665080e-12 -3.26444854700627920e-05 -2.10834258175237065e-07 -3.26444854717633835e-05 -2.10834258186071887e-07 
 6.75000000000000122e+11 -3.16844058666608874e-05 -2.01601880737384316e-07 -3.16844058679784438e-05 -2.01601880745846334e-07  7.46395752512354643e-10  6.27663573336580155e-12 -3.16844058666608807e-05 -2.01601880737384184e-07 -3.16844058679784438e-05 -2.01601880745846334e-07 
 6.85000000000000122e+11 -3.07660658873896569e-05 -1.92900775904585705e-07 -3.07660658892649810e-05 -1.92900775916344693e-07  7.03755623244033811e-10  5.83166346980421180e-12 -3.07660658873896636e-05 -1.92900775904585652e-07 -3.07660658892649810e-05 -1.92900775916344693e-07 
 6.95000000000000122e+11 -2.98870806191313932e-05 -1.84693272039536115e-07 -2.98870806197159984e-05 -1.84693272043131558e-07  6.64117405672021483e-10  5.42401436886999039e-12 -2.98870806191314102e-05 -1.84693272039535983e-07 -2.98870806197159984e-05 -1.84693272043131558e-07 
 7.05000000000000122e+11 -2.90452330808904213e-05 -1.76944858050537309e-07 -2.90452330829305780e-05 -1.76944858063043433e-07  6.27231027553700349e-10  5.05008666930913354e-12 -2.90452330808904246e-05 -1.76944858050537389e-07 -2.90452330829305780e-05 -1.76944858063043433e-07 
 7.15000000000000122e+11 -2.82384602363020546e-05 -1.69623878342807990e-07 -2.82384602379758628e-05 -1.69623878352812428e-07  5.92870386712701446e-10  4.70667041502412227e-12 -2.82384602363020546e-05 -1.69623878342808016e-07 -2.82384602379758628e-05 -1.69623878352812428e-07 
 7.25000000000000122e+11 -2.74648403369439037e-05 -1.62701260899706921e-07 -2.74648403391397926e-05 -1.62701260912836699e-07  5.60830761021342433e-10  4.39090015398225415e-12 -2.74648403369439037e-05 -1.62701260899707027e-07 -2.74648403391397926e-05 -1.62701260912836699e-07 
 7.35000000000000122e+11 -2.67225814714791877e-05 -1.56150274609777609e-07 -2.67225814733165851e-05 -1.56150274620500570e-07  5.30926528653785676e-10  4.10021389485193461e-12 -2.67225814714791843e-05 -1.56150274609777583e-07 -2.67225814733165851e-05 -1.56150274620500570e-07 
 7.45000000000000122e+11 -2.60100111775830867e-05 -1.49946312264454650e-07 -2.60100111790715946e-05 -1.49946312273022653e-07  5.02989158438800734e-10  3.83231742737347572e-12 -2.60100111775830697e-05 -1.49946312264454782e-07 -2.60100111790715946e-05 -1.49946312273022653e-07 
 7.55000000000000122e+11 -2.53255670141132291e-05 -1.44066696265494296e-07 -2.53255670144186827e-05 -1.44066696267155672e-07  4.76865434852656862e-10  3.58515324242784709e-12 -2.53255670141132087e-05 -1.44066696265494349e-07 -2.53255670144186827e-05 -1.44066696267155672e-07 
 7.65000000000000122e+11 -2.46677879872730336e-05 -1.38490504365425200e-07 -2.46677879880911793e-05 -1.38490504369971650e-07  4.52415887851727957e-10  3.35687340985114590e-12 -2.46677879872730369e-05 -1.38490504365425200e-07 -2.46677879880911793e-05 -1.38490504369971650e-07 
 7.75000000000000122e+11 -2.40353067504212873e-05 -1.33198413187625966e-07 -2.40353067509172048e-05 -1.33198413190259471e-07  4.29513401344669402e-10  3.14581586454454213e-12 -2.40353067504212873e-05 -1.33198413187626019e-07 -2.40353067509172048e-05 -1.33198413190259471e-07 
 7.85000000000000122e+11 -2.34268424896787175e-05 -1.28172557458800028e-07 -2.34268424898606365e-05 -1.28172557459807680e-07  4.08041978349018428e-10  2.95048363821662421e-12 -2.34268424896787209e-05 -1.28172557458800108e-07 -2.34268424898606365e-05 -1.28172557459807680e-07 
 7.95000000000000122e+11 -2.28411944356178819e-05 -1.23396403248843306e-07 -2.28411944362946816e-05 -1.23396403252507571e-07  3.87895643158791353e-10  2.76952663686903961e-12 -2.28411944356178853e-05 -1.23396403248843306e-07 -2.28411944362946816e-05 -1.23396403252507571e-07 
 8.05000000000000122e+11 -2.22772359353659067e-05 -1.18854633648379746e-07 -2.22772359357342509e-05 -1.18854633650248883e-07  3.68977463972209974e-10  2.60172562598372652e-12 -2.22772359353659135e-05 -1.18854633648379786e-07 -2.22772359357342509e-05 -1.18854633650248883e-07 
 8.15000000000000122e+11 -2.17339090281445230e-05 -1.14533045516369220e-07 -2.17339090289932974e-05 -1.14533045520734417e-07  3.51198681547185398e-10  2.44597813322523458e-12 -2.17339090281445094e-05 -1.14533045516369233e-07 -2.17339090289932974e-05 -1.14533045520734417e-07 
 8.25000000000000122e+11 -2.12102194820205930e-05 -1.10418456138373542e-07 -2.12102194825663397e-05 -1.10418456141253533e-07  3.34477931051241350e-10  2.30128601766614713e-12 -2.12102194820206100e-05 -1.10418456138373595e-07 -2.12102194825663397e-05 -1.10418456141253533e-07 
 8.35000000000000122e+11 -2.07052322404964795e-05 -1.06498618700324442e-07 -2.07052322407463949e-05 -1.06498618701513399e-07  3.18740546399709202e-10  2.16674449303792965e-12 -2.07052322404964727e-05 -1.06498618700324469e-07 -2.07052322407463949e-05 -1.06498618701513399e-07 
 8.45000000000000122e+11 -2.02180672462525679e-05 -1.02762145680743731e-07 -2.02180672477208893e-05 -1.02762145688279214e-07  3.03917937295490176e-10  2.04153241882771264e-12 -2.02180672462525746e-05 -1.02762145680743718e-07 -2.02180672477208893e-05 -1.02762145688279214e-07 
 8.55000000000000122e+11 -1.97478956060124300e-05 -9.91984393338499267e-08 -1.97478956071810610e-05 -9.91984393397634078e-08  2.89947030655785761e-10  1.92490370015808977e-12 -1.97478956060124232e-05 -9.91984393338499267e-08 -1.97478956071810610e-05 -9.91984393397634078e-08 
 8.65000000000000122e+11 -1.92939360593899999e-05 -9.57976285029089205e-08 -1.92939360602659133e-05 -9.57976285072371530e-08  2.76769769286728078e-10  1.81617965994450330e-12 -1.92939360593900236e-05 -9.57976285029090132e-08 -1.92939360602659133e-05 -9.57976285072371530e-08 
 8.75000000000000122e+11 -1.88554517333352627e-05 -9.25505111691236464e-08 -1.88554517339251093e-05 -9.25505111721645211e-08  2.64332661091012264e-10  1.71474226192252586e-12 -1.88554517333352695e-05 -9.25505111691236331e-08 -1.88554517339251093e-05 -9.25505111721645211e-08 
 8.85000000000000122e+11 -1.84317471494899483e-05 -8.94485021231297013e-08 -1.84317471498001962e-05 -8.94485021246241718e-08  2.52586373412406660e-10  1.62002808265045052e-12 -1.84317471494899517e-05 -8.94485021231296616e-08 -1.84317471498001962e-05 -8.94485021246241718e-08 
 8.95000000000000122e+11 -1.80221654642795099e-05 -8.64835852606670429e-08 -1.80221654657394153e-05 -8.64835852675367316e-08  2.41485367486042725e-10  1.53152294202459374e-12 -1.80221654642795133e-05 -8.64835852606670032e-08 -1.80221654657394153e-05 -8.64835852675367316e-08 
 9.05000000000000122e+11 -1.76260859235883808e-05 -8.36482700602778911e-08 -1.76260859247652518e-05 -8.36482700659321536e-08  2.30987568574770132e-10  1.44875711360025374e-12 -1.76260859235883740e-05 -8.36482700602779175e-08 -1.76260859247652518e-05 -8.36482700659321536e-08 
 9.15000000000000122e+11 -1.72429215065447010e-05 -8.09355518026354805e-08 -1.72429215074447210e-05 -8.09355518068435666e-08  2.21054068143121502e-10  1.37130104775168960e-12 -1.72429215065446841e-05 -8.09355518026354408e-08 -1.72429215074447210e-05 -8.09355518068435666e-08 
 9.25000000000000122e+11 -1.68721167511224760e-05 -7.83388752136215181e-08 -1.68721167517516554e-05 -7.83388752166393245e-08  2.11648854414875911e-10  1.29876154646119785e-12 -1.68721167511224726e-05 -7.83388752136214255e-08 -1.68721167517516554e-05 -7.83388752166393245e-08 
 9.35000000000000122e+11 -1.65131457389958118e-05 -7.58521011733256841e-08 -1.65131457407220615e-05 -7.58521011812087683e-08  2.02738568521517333e-10  1.23077833890965630e-12 -1.65131457389958118e-05 -7.58521011733257106e-08 -1.65131457407220615e-05 -7.58521011812087683e-08 
 9.45000000000000122e+11 -1.61655102315065494e-05 -7.34694762244369573e-08 -1.61655102329589433e-05 -7.34694762309375117e-08  1.94292283437817303e-10  1.16702101140401173e-12 -1.61655102315065630e-05 -7.34694762244369441e-08 -1.61655102329589433e-05 -7.34694762309375117e-08 
 9.55000000000000122e+11 -1.58287379371891497e-05 -7.11856045888848657e-08 -1.58287379383734034e-05 -7.11856045942411845e-08  1.86281303532564558e-10  1.10718625270341497e-12 -1.58287379371891531e-05 -7.11856045888847996e-08 -1.58287379383734034e-05 -7.11856045942411845e-08 
 9.65000000000000122e+11 -1.55023809086078594e-05 -6.89954224996824957e-08 -1.55023809095295295e-05 -6.89954225039116386e-08  1.78678982414631149e-10  1.05099537825068149e-12 -1.55023809086078560e-05 -6.89954224996824825e-08 -1.55023809095295295e-05 -6.89954225039116386e-08 
 9.75000000000000122e+11 -1.51860140515752093e-05 -6.68941746072612257e-08 -1.51860140522396897e-05 -6.68941746102457993e-08  1.71460557387609391e-10  9.98192103459177447e-13 -1.51860140515752042e-05 -6.68941746072611993e-08 -1.51860140522396897e-05 -6.68941746102457993e-08 
 9.85000000000000122e+11 -1.48792337397674308e-05 -6.48773922826450726e-08 -1.48792337414729486e-05 -6.48773922900804867e-08  1.64602998798727710e-10  9.48540538471468520e-13 -1.48792337397674393e-05 -6.48773922826450329e-08 -1.48792337414729486e-05 -6.48773922900804867e-08 
 9.95000000000000122e+11 -1.45816565284030093e-05 -6.29408736568205123e-08 -1.45816565298486269e-05 -6.29408736630733625e-08  1.58084872761204021e-10  9.01823380128689755e-13 -1.45816565284030110e-05 -6.29408736568204726e-08 -1.45816565298486269e-05 -6.29408736630733625e-08 
 1.00500000000000012e+12 -1.42929179529303682e-05 -6.10806652149790716e-08 -1.42929179541212626e-05 -6.10806652200530901e-08  1.51886216080239872e-10  8.57840280814434547e-13 -1.42929179529303749e-05 -6.10806652149790848e-08 -1.42929179541212626e-05 -6.10806652200530901e-08 
 1.01500000000000012e+12 -1.40126714142401139e-05 -5.92930448448413829e-08 -1.40126714151812979e-05 -5.92930448487264319e-08  1.45988422012337875e-10  8.16406374311196525e-13 -1.40126714142401139e-05 -5.92930448448414094e-08 -1.40126714151812979e-05 -5.92930448487264319e-08 
 1.02500000000000012e+12 -1.37405871376151149e-05 -5.75745061862834619e-08 -1.37405871383114539e-05 -5.75745061892505720e-08  1.40374135954338970e-10  7.77350942938771043e-13 -1.37405871376151065e-05 -5.75745061862834553e-08 -1.37405871383114539e-05 -5.75745061892505720e-08 
 1.03500000000000012e+12 -1.34763512021460692e-05 -5.59217441810688903e-08 -1.34763512026023032e-05 -5.59217441828996395e-08  1.35027160062241477e-10  7.40516210927316493e-13 -1.34763512021460590e-05 -5.59217441810688639e-08 -1.34763512026023032e-05 -5.59217441828996395e-08 
 1.04500000000000012e+12 -1.32196646348485797e-05 -5.43316417173179986e-08 -1.32196646350693080e-05 -5.43316417182330919e-08  1.29932365966562380e-10  7.05756251070073505e-13 -1.32196646348485729e-05 -5.43316417173180118e-08 -1.32196646350693080e-05 -5.43316417182330919e-08 
 1.05500000000000012e+12 -1.29702425645991908e-05 -5.28012572781290287e-08 -1.29702425645888774e-05 -5.28012572780760494e-08  1.25075614827746983e-10  6.72935993028197540e-13 -1.29702425645991908e-05 -5.28012572781290750e-08 -1.29702425645888774e-05 -5.28012572780760494e-08 
 1.06500000000000012e+12 -1.27278134310260891e-05 -5.13278135068002914e-08 -1.27278134319849507e-05 -5.13278135107295052e-08  1.20443684059762333e-10  6.41930323065899214e-13 -1.27278134310260942e-05 -5.13278135068003046e-08 -1.27278134319849507e-05 -5.13278135107295052e-08 
 1.07500000000000012e+12 -1.24921182466099219e-05 -4.99086866235465794e-08 -1.24921182473351599e-05 -4.99086866263740614e-08  1.16024200065101051e-10  6.12623265762396533e-13 -1.24921182466099168e-05 -4.99086866235465396e-08 -1.24921182473351599e-05 -4.99086866263740614e-08 
 1.08500000000000012e+12 -1.22629099023378108e-05 -4.85413965992012893e-08 -1.22629099028337604e-05 -4.85413966011155309e-08  1.11805576546542999e-10  5.84907240163959396e-13 -1.22629099023378176e-05 -4.85413965992012761e-08 -1.22629099028337604e-05 -4.85413966011155309e-08 
 1.09500000000000012e+12 -1.20399525213305529e-05 -4.72235980562406823e-08 -1.20399525216013781e-05 -4.72235980573750910e-08  1.07776957745999527e-10  5.58682382223189259e-13 -1.20399525213305613e-05 -4.72235980562406955e-08 -1.20399525216013781e-05 -4.72235980573750910e-08 
 1.10500000000000024e+12 -1.18230208509778540e-05 -4.59530718131596835e-08 -1.18230208521802138e-05 -4.59530718178251939e-08  1.03928166286813644e-10  5.33855927684752992e-13 -1.18230208509778506e-05 -4.59530718131596703e-08 -1.18230208521802138e-05 -4.59530718178251939e-08 
 1.11500000000000024e+12 -1.16118996949274906e-05 -4.47277170371836158e-08 -1.16118996970446850e-05 -4.47277170452739253e-08  1.00249655135101307e-10  5.10341649152550199e-13 -1.16118996949274872e-05 -4.47277170371835960e-08 -1.16118996970446850e-05 -4.47277170452739253e-08 
 1.12500000000000024e+12 -1.14063833784143611e-05 -4.35455439432504520e-08 -1.14063833802980337e-05 -4.35455439504004094e-08  9.67324633867533151e-11  4.88059342474555216e-13 -1.14063833784143594e-05 -4.35455439432504653e-08 -1.14063833802980337e-05 -4.35455439504004094e-08 
 1.13500000000000024e+12 -1.12062752464118367e-05 -4.24046670029097017e-08 -1.12062752480661022e-05 -4.24046670092354165e-08  9.33681755128470907e-11  4.66934357580268591e-13 -1.12062752464118401e-05 -4.24046670029097083e-08 -1.12062752480661022e-05 -4.24046670092354165e-08 
 1.14500000000000024e+12 -1.10113871941448427e-05 -4.13032986306159813e-08 -1.10113871955737026e-05 -4.13032986358900783e-08  9.01488837348507530e-11  4.46897169417114425e-13 -1.10113871941448444e-05 -4.13032986306159681e-08 -1.10113871955737026e-05 -4.13032986358900783e-08 
 1.15500000000000024e+12 -1.08215392244969157e-05 -4.02397432975476817e-08 -1.08215392257042714e-05 -4.02397433020084550e-08  8.70671533188284379e-11  4.27882985529586864e-13 -1.08215392244969157e-05 -4.02397432975477015e-08 -1.08215392257042714e-05 -4.02397433020084550e-08 
 1.16500000000000024e+12 -1.06365590318927118e-05 -3.92123920470451495e-08 -1.06365590339755946e-05 -3.92123920547004612e-08  8.41159905157302465e-11  4.09831386727211738e-13 -1.06365590318927084e-05 -3.92123920470451495e-08 -1.06365590339755946e-05 -3.92123920547004612e-08 
 1.17500000000000024e+12 -1.04562816126370145e-05 -3.82197173860040974e-08 -1.04562816144966058e-05 -3.82197173928106292e-08  8.12888128971548809e-11  3.92685997687977105e-13 -1.04562816126370145e-05 -3.82197173860040974e-08 -1.04562816144966058e-05 -3.82197173928106292e-08 
 1.18500000000000024e+12 -1.02805488946640889e-05 -3.72602685057631778e-08 -1.02805488963041547e-05 -3.72602685117076947e-08  7.85794219725003587e-11  3.76394185160021479e-13 -1.02805488946640922e-05 -3.72602685057631778e-08 -1.02805488963041547e-05 -3.72602685117076947e-08 
 1.19500000000000024e+12 -1.01092093923585777e-05 -3.63326668328306643e-08 -1.01092093937827857e-05 -3.63326668379599518e-08  7.59819777861012235e-11  3.60906780725672791e-13 -1.01092093923585794e-05 -3.63326668328306577e-08 -1.01092093937827857e-05 -3.63326668379599518e-08 
 1.20500000000000024e+12 -9.94211787927816755e-06 -3.54356018651224697e-08 -9.94211788154704863e-06 -3.54356018731805787e-08  7.34909754211959706e-11  3.46177826349438441e-13 -9.94211787927817093e-06 -3.54356018651224631e-08 -9.94211788154704863e-06 -3.54356018731805787e-08 
 1.21500000000000024e+12 -9.77913508170873681e-06 -3.45678272872808756e-08 -9.77913508376013880e-06 -3.45678272945664641e-08  7.11012231912873329e-11  3.32164340378069272e-13 -9.77913508170873850e-06 -3.45678272872808889e-08 -9.77913508376013880e-06 -3.45678272945664641e-08 
 1.22500000000000024e+12 -9.62012738626317869e-06 -3.37281573257884688e-08 -9.62012738810065234e-06 -3.37281573321962135e-08  6.88078224656391881e-11  3.18826102569212114e-13 -9.62012738626317869e-06 -3.37281573257884556e-08 -9.62012738810065234e-06 -3.37281573321962135e-08 
 1.23500000000000024e+12 -9.46496656734850108e-06 -3.29154633498263866e-08 -9.46496656897551416e-06 -3.29154633554423275e-08  6.66061488960815160e-11  3.06125456011806751e-13 -9.46496656734850278e-06 -3.29154633498263601e-08 -9.46496656897551416e-06 -3.29154633554423275e-08 
 1.24500000000000024e+12 -9.31352952822906929e-06 -3.21286706832965585e-08 -9.31352952964899975e-06 -3.21286706882025469e-08  6.44918350098052386e-11  2.94027124813547731e-13 -9.31352952822906759e-06 -3.21286706832965585e-08 -9.31352952964899975e-06 -3.21286706882025469e-08 
 1.25500000000000024e+12 -9.16569805680446776e-06 -3.13667556194115802e-08 -9.16569805802061733e-06 -3.13667556235332293e-08  6.24607540305389063e-11  2.82498046063671570e-13 -9.16569805680447114e-06 -3.13667556194115802e-08 -9.16569805802061733e-06 -3.13667556235332293e-08 
 1.26500000000000024e+12 -9.02135859484779620e-06 -3.06287426224098281e-08 -9.02135859586338701e-06 -3.06287426259427827e-08  6.05090048371208160e-11  2.71507214872048527e-13 -9.02135859484779790e-06 -3.06287426224098281e-08 -9.02135859586338701e-06 -3.06287426259427827e-08 
 1.27500000000000024e+12 -8.88040201986327263e-06 -2.99137017040050414e-08 -8.88040202068144378e-06 -2.99137017067530942e-08  5.86328979713117232e-11  2.61025541364320087e-13 -8.88040201986326924e-06 -2.99137017040050215e-08 -8.88040202068144378e-06 -2.99137017067530942e-08 
 1.28500000000000024e+12 -8.74272343878048142e-06 -2.92207459610849167e-08 -8.74272343940431610e-06 -2.92207459632394773e-08  5.68289426141513246e-11  2.51025718644008138e-13 -8.74272343878048311e-06 -2.92207459610849167e-08 -8.74272343940431610e-06 -2.92207459632394773e-08 
 1.29500000000000024e+12 -8.60822199243477286e-06 -2.85490292642033958e-08 -8.60822199385075445e-06 -2.85490292688994160e-08  5.50938344611669664e-11  2.41482100799243473e-13 -8.60822199243477286e-06 -2.85490292642033925e-08 -8.60822199385075445e-06 -2.85490292688994160e-08 
 1.30500000000000024e+12 -8.47680067209123455e-06 -2.78977440911558996e-08 -8.47680067331127370e-06 -2.78977440950765802e-08  5.34244444031835870e-11  2.32370590033994181e-13 -8.47680067209123624e-06 -2.78977440911558897e-08 -8.47680067331127370e-06 -2.78977440950765802e-08 
 1.31500000000000024e+12 -8.34836614253432170e-06 -2.72661194813085281e-08 -8.34836614356139320e-06 -2.72661194846520781e-08  5.18178080145409787e-11  2.23668532427856831e-13 -8.34836614253432001e-06 -2.72661194813085314e-08 -8.34836614356139320e-06 -2.72661194846520781e-08 
 1.32500000000000024e+12 -8.22282857760330353e-06 -2.66534191229736512e-08 -8.22282857844032455e-06 -2.66534191257127308e-08  5.02711157060417328e-11  2.15354621263437392e-13 -8.22282857760330353e-06 -2.66534191229736479e-08 -8.22282857844032455e-06 -2.66534191257127308e-08 
 1.33500000000000024e+12 -8.10010150245283939e-06 -2.60589395480014771e-08 -8.10010150405668272e-06 -2.60589395531775763e-08  4.87817035585480405e-11  2.07408807597384866e-13 -8.10010150245284108e-06 -2.60589395480014870e-08 -8.10010150405668272e-06 -2.60589395531775763e-08 
 1.34500000000000024e+12 -7.98010164584919794e-06 -2.54820084392060802e-08 -7.98010164726152374e-06 -2.54820084437892762e-08  4.73470447399045628e-11  1.99812217279521017e-13 -7.98010164584919456e-06 -2.54820084392060835e-08 -7.98010164726152374e-06 -2.54820084437892762e-08 
 1.35500000000000024e+12 -7.86274879699797220e-06 -2.49219830271761366e-08 -7.86274879822162141e-06 -2.49219830311108693e-08  4.59647415235911805e-11  1.92547074166087817e-13 -7.86274879699798067e-06 -2.49219830271761332e-08 -7.86274879822162141e-06 -2.49219830311108693e-08 
 1.36500000000000024e+12 -7.74796567273057202e-06 -2.43782485899061911e-08 -7.74796567376828903e-06 -2.43782485931717744e-08  4.46325177902050616e-11  1.85596628719304844e-13 -7.74796567273057033e-06 -2.43782485899061977e-08 -7.74796567376828903e-06 -2.43782485931717744e-08 
 1.37500000000000024e+12 -7.63567778991882599e-06 -2.38502170343973974e-08 -7.63567779077332807e-06 -2.38502170370650615e-08  4.33482120330430538e-11  1.78945091801411030e-13 -7.63567778991882768e-06 -2.38502170343973874e-08 -7.63567779077332807e-06 -2.38502170370650615e-08 
 1.38500000000000024e+12 -7.52581334431236217e-06 -2.33373255596485783e-08 -7.52581334590587085e-06 -2.33373255645968918e-08  4.21097708130276365e-11  1.72577573178180868e-13 -7.52581334431235878e-06 -2.33373255596485717e-08 -7.52581334590587085e-06 -2.33373255645968918e-08 
 1.39500000000000024e+12 -7.41830309692746549e-06 -2.28390354002733385e-08 -7.41830309833640400e-06 -2.28390354046852882e-08  4.09152426142005322e-11  1.66480024299004697e-13 -7.41830309692746718e-06 -2.28390354002733418e-08 -7.41830309833640400e-06 -2.28390354046852882e-08 
 1.40500000000000024e+12 -7.31308026311428041e-06 -2.23548306321100856e-08 -7.31308026434126778e-06 -2.23548306359245694e-08  3.97627721226177621e-11  1.60639185229141979e-13 -7.31308026311427872e-06 -2.23548306321100856e-08 -7.31308026434126778e-06 -2.23548306359245694e-08 
 1.41500000000000024e+12 -7.21008041032389660e-06 -2.18842170547002220e-08 -7.21008041047141925e-06 -2.18842170551337772e-08  3.86505948283015690e-11  1.55042535130463703e-13 -7.21008041032389576e-06 -2.18842170547002187e-08 -7.21008041047141925e-06 -2.18842170551337772e-08 
 1.42500000000000024e+12 -7.10924135737586710e-06 -2.14267211254590304e-08 -7.10924135914039428e-06 -2.14267211307005695e-08  3.75770320036872806e-11  1.49678246325367333e-13 -7.10924135737587049e-06 -2.14267211254590337e-08 -7.10924135914039428e-06 -2.14267211307005695e-08 
 1.43500000000000024e+12 -7.01050308500584634e-06 -2.09818889721848540e-08 -7.01050308570219975e-06 -2.09818889742572459e-08  3.65404859238831373e-11  1.44535141238119790e-13 -7.01050308500584211e-06 -2.09818889721848673e-08 -7.01050308570219975e-06 -2.09818889742572459e-08 
 1.44500000000000024e+12 -6.91380764036484203e-06 -2.05492854286211631e-08 -6.91380764177062789e-06 -2.05492854328898386e-08  3.55394354941315168e-11  1.39602652722848705e-13 -6.91380764036484966e-06 -2.05492854286211730e-08 -6.91380764177062789e-06 -2.05492854328898386e-08 
 1.45500000000000024e+12 -6.81909905781481598e-06 -2.01284931578221549e-08 -6.81909905816958048e-06 -2.01284931589242209e-08  3.45724320185960524e-11  1.34870786580279475e-13 -6.81909905781481937e-06 -2.01284931578221648e-08 -6.81909905816958048e-06 -2.01284931589242209e-08 
 1.46500000000000024e+12 -6.72632327299534419e-06 -1.97191117915907284e-08 -6.72632327405216941e-06 -1.97191117946356398e-08  3.36380953383052692e-11  1.30330087040442742e-13 -6.72632327299534165e-06 -1.97191117915907350e-08 -6.72632327405216941e-06 -1.97191117946356398e-08 
 1.47500000000000024e+12 -6.63542804997528520e-06 -1.93207571431996978e-08 -6.63542805086118510e-06 -1.93207571457085035e-08  3.27351101076175833e-11  1.25971604181117901e-13 -6.63542804997528351e-06 -1.93207571431996945e-08 -6.63542805086118510e-06 -1.93207571457085035e-08 
 1.48500000000000024e+12 -6.54636290426785111e-06 -1.89330604399874205e-08 -6.54636290584278860e-06 -1.89330604445168531e-08  3.18622223724958218e-11  1.21786863815753181e-13 -6.54636290426784942e-06 -1.89330604399874238e-08 -6.54636290584278860e-06 -1.89330604445168531e-08 
 1.49500000000000024e+12 -6.45907903555663870e-06 -1.85556676145522485e-08 -6.45907903610754555e-06 -1.85556676160733410e-08  3.10182362901261514e-11  1.17767839127878951e-13 -6.45907903555663701e-06 -1.85556676145522551e-08 -6.45907903610754555e-06 -1.85556676160733410e-08 
 1.50500000000000024e+12 -6.37352925745854106e-06 -1.81882386156143282e-08 -6.37352925869155506e-06 -1.81882386191204887e-08  3.02020111037332445e-11  1.13906924399877218e-13 -6.37352925745854190e-06 -1.81882386156143381e-08 -6.37352925869155506e-06 -1.81882386191204887e-08 
 1.51500000000000024e+12 -6.28966793766104161e-06 -1.78304467759589434e-08 -6.28966793872647523e-06 -1.78304467789041895e-08  2.94124582246623341e-11  1.10196910180709304e-13 -6.28966793766103738e-06 -1.78304467759589434e-08 -6.28966793872647523e-06 -1.78304467789041895e-08 
 1.52500000000000024e+12 -6.20745093370869983e-06 -1.74819781924787315e-08 -6.20745093544392305e-06 -1.74819781974126389e-08  2.86485385545641926e-11  1.06630960329057208e-13 -6.20745093370870067e-06 -1.74819781924787249e-08 -6.20745093544392305e-06 -1.74819781974126389e-08 
 1.53500000000000024e+12 -6.12683553766791935e-06 -1.71425311559541671e-08 -6.12683553840475585e-06 -1.71425311580127748e-08  2.79092599052896032e-11  1.03202590308978672e-13 -6.12683553766792105e-06 -1.71425311559541671e-08 -6.12683553840475585e-06 -1.71425311580127748e-08 
 1.54500000000000024e+12 -6.04778041736598636e-06 -1.68118155926861677e-08 -6.04778041876606914e-06 -1.68118155965357604e-08  2.71936746239492603e-11  9.99056470893417492e-14 -6.04778041736599313e-06 -1.68118155926861644e-08 -6.04778041876606914e-06 -1.68118155965357604e-08 
 1.55500000000000024e+12 -5.97024556722345814e-06 -1.64895525547748500e-08 -5.97024556845919281e-06 -1.64895525582045923e-08  2.65008772887982342e-11  9.67342900718836743e-14 -5.97024556722345644e-06 -1.64895525547748368e-08 -5.97024556845919281e-06 -1.64895525582045923e-08 
 1.56500000000000024e+12 -5.89419225436973867e-06 -1.61754737168207224e-08 -5.89419225625705005e-06 -1.61754737220243105e-08  2.58300026006930847e-11  9.36829734612207299e-14 -5.89419225436973528e-06 -1.61754737168207125e-08 -5.89419225625705005e-06 -1.61754737220243105e-08 
 1.57500000000000024e+12 -5.81958297295461524e-06 -1.58693209140016989e-08 -5.81958297386792598e-06 -1.58693209164572904e-08  2.51802233404630262e-11  9.07464295456412774e-14 -5.81958297295461101e-06 -1.58693209140016989e-08 -5.81958297386792598e-06 -1.58693209164572904e-08 
 1.58500000000000024e+12 -5.74638139469558833e-06 -1.55708456875201703e-08 -5.74638139625429412e-06 -1.55708456917455379e-08  2.45507484933024423e-11  8.79196532078610606e-14 -5.74638139469558833e-06 -1.55708456875201670e-08 -5.74638139625429412e-06 -1.55708456917455379e-08 
 1.59500000000000024e+12 -5.67455232863309924e-06 -1.52798088721244787e-08 -5.67455232923208113e-06 -1.52798088737696781e-08  2.39408214152639697e-11  8.51978871670000371e-14 -5.67455232863309924e-06 -1.52798088721244787e-08 -5.67455232923208113e-06 -1.52798088737696781e-08 
 1.60500000000000024e+12 -5.60406167433973808e-06 -1.49959801812889738e-08 -5.60406167637156006e-06 -1.49959801866604828e-08  2.33497181746676755e-11  8.25766083927226430e-14 -5.60406167433973300e-06 -1.49959801812889671e-08 -5.60406167637156006e-06 -1.49959801866604828e-08 
 1.61500000000000024e+12 -5.53487638668449901e-06 -1.47191378384975203e-08 -5.53487638776555192e-06 -1.47191378413722178e-08  2.27767459022158261e-11  8.00515150553409738e-14 -5.53487638668449647e-06 -1.47191378384975153e-08 -5.53487638776555192e-06 -1.47191378413722178e-08 
 1.62500000000000024e+12 -5.46696443135613983e-06 -1.44490681981305167e-08 -5.46696443306566747e-06 -1.44490682026435148e-08  2.22212413240471141e-11  7.76185145928450291e-14 -5.46696443135613814e-06 -1.44490681981305216e-08 -5.46696443306566747e-06 -1.44490682026435148e-08 
 1.63500000000000024e+12 -5.40029475271496549e-06 -1.41855654121159750e-08 -5.40029475426629955e-06 -1.41855654161688325e-08  2.16825692859537266e-11  7.52737121901298715e-14 -5.40029475271496210e-06 -1.41855654121159635e-08 -5.40029475426629955e-06 -1.41855654161688325e-08 
 1.64500000000000024e+12 -5.33483723568111170e-06 -1.39284310934890951e-08 -5.33483723552769201e-06 -1.39284310931316820e-08  2.11601214197005116e-11  7.30134001657310456e-14 -5.33483723568110916e-06 -1.39284310934890869e-08 -5.33483723552769201e-06 -1.39284310931316820e-08 
 1.65500000000000024e+12 -5.27056267047530692e-06 -1.36774739995908595e-08 -5.27056267171599419e-06 -1.36774740027798608e-08  2.06533148699274080e-11  7.08340479509136821e-14 -5.27056267047530607e-06 -1.36774739995908562e-08 -5.27056267171599419e-06 -1.36774740027798608e-08 
 1.66500000000000024e+12 -5.20744272484533113e-06 -1.34325097456535665e-08 -5.20744272593348979e-06 -1.34325097484235496e-08  2.01615910409178450e-11  6.87322925005534538e-14 -5.20744272484532774e-06 -1.34325097456535682e-08 -5.20744272593348979e-06 -1.34325097484235496e-08 
 1.67500000000000024e+12 -5.14544990776155439e-06 -1.31933605072046755e-08 -5.14544990869901065e-06 -1.31933605095823168e-08  1.96844144884272738e-11  6.67049295352277338e-14 -5.14544990776155439e-06 -1.31933605072046788e-08 -5.14544990869901065e-06 -1.31933605095823168e-08 
 1.68500000000000024e+12 -5.08455754201643321e-06 -1.29598547554821916e-08 -5.08455754280497006e-06 -1.29598547574432201e-08  1.92212718104175578e-11  6.47489050940206238e-14 -5.08455754201643067e-06 -1.29598547554821849e-08 -5.08455754280497006e-06 -1.29598547574432201e-08 
 1.69500000000000024e+12 -5.02473973501246343e-06 -1.27318269976522850e-08 -5.02473973565384440e-06 -1.27318269992663377e-08  1.87716706198591509e-11  6.28613076608366007e-14 -5.02473973501246427e-06 -1.27318269976522817e-08 -5.02473973565384440e-06 -1.27318269992663377e-08 
 1.70500000000000024e+12 -4.96597135123261846e-06 -1.25091175305686754e-08 -4.96597135172856556e-06 -1.25091175317917794e-08  1.83351385673641025e-11  6.10393607324442865e-14 -4.96597135123261761e-06 -1.25091175305686737e-08 -4.96597135172856556e-06 -1.25091175317917794e-08 
 1.71500000000000024e+12 -4.90822798534438671e-06 -1.22915722044749357e-08 -4.90822798718187815e-06 -1.22915722091084772e-08  1.79112224183044123e-11  5.92804158288515417e-14 -4.90822798534438502e-06 -1.22915722044749374e-08 -4.90822798718187815e-06 -1.22915722091084772e-08 
 1.72500000000000024e+12 -4.85148593929235001e-06 -1.20790422051795903e-08 -4.85148593950248956e-06 -1.20790422057012567e-08  1.74994871559849948e-11  5.75819458301556052e-14 -4.85148593929234916e-06 -1.20790422051795969e-08 -4.85148593950248956e-06 -1.20790422057012567e-08 
 1.73500000000000024e+12 -4.79572219262937991e-06 -1.18713838266468599e-08 -4.79572219416725124e-06 -1.18713838304530538e-08  1.70995151881813426e-11  5.59415388846133848e-14 -4.79572219262938161e-06 -1.18713838266468583e-08 -4.79572219416725124e-06 -1.18713838304530538e-08 
 1.74500000000000024e+12 -4.74091438643989226e-06 -1.16684582852158004e-08 -4.74091438637077606e-06 -1.16684582850808194e-08  1.67109055022894055e-11  5.43568923567430576e-14 -4.74091438643989226e-06 -1.16684582852158037e-08 -4.74091438637077606e-06 -1.16684582850808194e-08 
 1.75500000000000024e+12 -4.68704079320080720e-06 -1.14701315055975412e-08 -4.68704079444588126e-06 -1.14701315085810576e-08  1.63332729715420167e-11  5.28258074716665851e-14 -4.68704079320080805e-06 -1.14701315055975428e-08 -4.68704079444588126e-06 -1.14701315085810576e-08 
 1.76500000000000024e+12 -4.63408030245035062e-06 -1.12762739524236971e-08 -4.63408030355151293e-06 -1.12762739551364558e-08  1.59662475898544323e-11  5.13461839138053997e-14 -4.63408030245034893e-06 -1.12762739524237070e-08 -4.63408030355151293e-06 -1.12762739551364558e-08 
 1.77500000000000024e+12 -4.58201239483498156e-06 -1.10867604399137922e-08 -4.58201239579385843e-06 -1.10867604422563479e-08  1.56094738331761318e-11  4.99160150083932290e-14 -4.58201239483498326e-06 -1.10867604399138022e-08 -4.58201239579385843e-06 -1.10867604422563479e-08 
 1.78500000000000024e+12 -4.53081712462338889e-06 -1.09014699676320425e-08 -4.53081712544157444e-06 -1.09014699696253278e-08  1.52626099992074787e-11  4.85333830012833245e-14 -4.53081712462339143e-06 -1.09014699676320442e-08 -4.53081712544157444e-06 -1.09014699696253278e-08 
 1.79500000000000024e+12 -4.48047510012372824e-06 -1.07202855572235435e-08 -4.48047510080278269e-06 -1.07202855588783763e-08  1.49253275998425170e-11  4.71964546595448978e-14 -4.48047510012372654e-06 -1.07202855572235402e-08 -4.48047510080278269e-06 -1.07202855588783763e-08 
 1.80500000000000024e+12 -4.43096746531802746e-06 -1.05430940972693386e-08 -4.43096746585949751e-06 -1.05430940985516141e-08  1.45973107803652996e-11  4.59034771039217817e-14 -4.43096746531802577e-06 -1.05430940972693352e-08 -4.43096746585949751e-06 -1.05430940985516141e-08 
 1.81500000000000024e+12 -4.38227588174306010e-06 -1.03697861938139042e-08 -4.38227588355191251e-06 -1.03697861981387684e-08  1.42782557702822176e-11  4.46527738782322606e-14 -4.38227588174305841e-06 -1.03697861938139009e-08 -4.38227588355191251e-06 -1.03697861981387684e-08 
 1.82500000000000024e+12 -4.33438251380577053e-06 -1.02002560341274480e-08 -4.33438251407659745e-06 -1.02002560347469285e-08  1.39678703427178231e-11  4.34427411731020402e-14 -4.33438251380577222e-06 -1.02002560341274464e-08 -4.33438251407659745e-06 -1.02002560347469285e-08 
 1.83500000000000024e+12 -4.28727000739239030e-06 -1.00344012388040612e-08 -4.28727000891826255e-06 -1.00344012423983380e-08  1.36658733484522777e-11  4.22718444067012616e-14 -4.28727000739239199e-06 -1.00344012388040612e-08 -4.28727000891826255e-06 -1.00344012423983380e-08 
 1.84500000000000024e+12 -4.24092148056905994e-06 -9.87212274733401764e-09 -4.24092148195574096e-06 -9.87212275059362376e-09  1.33719941977227611e-11  4.11386147528121823e-14 -4.24092148056906248e-06 -9.87212274733401599e-09 -4.24092148195574096e-06 -9.87212275059362376e-09 
 1.85500000000000024e+12 -4.19532050341835956e-06 -9.71332468180045319e-09 -4.19532050466734691e-06 -9.71332468467536573e-09  1.30859724409692686e-11  4.00416460864975752e-14 -4.19532050341835956e-06 -9.71332468180045484e-09 -4.19532050466734691e-06 -9.71332468467536573e-09 
 1.86500000000000024e+12 -4.15045108576423698e-06 -9.55791423326750958e-09 -4.15045108687701212e-06 -9.55791423586432234e-09  1.28075573227580918e-11  3.89795919456141488e-14 -4.15045108576423868e-06 -9.55791423326751289e-09 -4.15045108687701212e-06 -9.55791423586432234e-09 
 1.87500000000000024e+12 -4.10629766269522703e-06 -9.40580154695218231e-09 -4.10629766367323668e-06 -9.40580154918359135e-09  1.25365073743705789e-11  3.79511627053451707e-14 -4.10629766269522533e-06 -9.40580154695218231e-09 -4.10629766367323668e-06 -9.40580154918359135e-09 
 1.88500000000000024e+12 -4.06284508106420069e-06 -9.25689961287846019e-09 -4.06284508190887973e-06 -9.25689961481243658e-09  1.22725900228082928e-11  3.69551228946407428e-14 -4.06284508106419984e-06 -9.25689961287845853e-09 -4.06284508190887973e-06 -9.25689961481243658e-09 
 1.89500000000000024e+12 -4.02007858604508660e-06 -9.11112416054194412e-09 -4.02007858810204513e-06 -9.11112416519312611e-09  1.20155812209217559e-11  3.59902886582305802e-14 -4.02007858604508491e-06 -9.11112416054193915e-09 -4.02007858810204513e-06 -9.11112416519312611e-09 
 1.90500000000000024e+12 -3.97798381080863800e-06 -8.96839356362132561e-09 -3.97798381139085372e-06 -8.96839356486979923e-09  1.17652650787947407e-11  3.50555253042916987e-14 -3.97798381080863885e-06 -8.96839356362133057e-09 -3.97798381139085372e-06 -8.96839356486979923e-09 
 1.91500000000000024e+12 -3.93654676004854147e-06 -8.82862873396733138e-09 -3.93654676050158298e-06 -8.82862873498065741e-09  1.15214335522062795e-11  3.41497450974230976e-14 -3.93654676004854232e-06 -8.82862873396733303e-09 -3.93654676050158298e-06 -8.82862873498065741e-09 
 1.92500000000000024e+12 -3.89575380275375848e-06 -8.69175303970383232e-09 -3.89575380307896323e-06 -8.69175304045819291e-09  1.12838860927716932e-11  3.32719050065637622e-14 -3.89575380275375848e-06 -8.69175303970382901e-09 -3.89575380307896323e-06 -8.69175304045819291e-09 
 1.93500000000000024e+12 -3.85559165879420266e-06 -8.55769221183096984e-09 -3.85559165899289626e-06 -8.55769221232036628e-09  1.10524293535027448e-11  3.24210046869985259e-14 -3.85559165879420181e-06 -8.55769221183097314e-09 -3.85559165899289626e-06 -8.55769221232036628e-09 
 1.94500000000000024e+12 -3.81604738812232842e-06 -8.42637425971962680e-09 -3.81604738950545784e-06 -8.42637426275838397e-09  1.08268768947975411e-11  3.15960845245136511e-14 -3.81604738812232842e-06 -8.42637425971963342e-09 -3.81604738950545784e-06 -8.42637426275838397e-09 
 1.95500000000000024e+12 -3.77710838249498819e-06 -8.29772939456701390e-09 -3.77710838244453595e-06 -8.29772939441980884e-09  1.06070488915640990e-11  3.07962237439168335e-14 -3.77710838249498565e-06 -8.29772939456701225e-09 -3.77710838244453595e-06 -8.29772939441980884e-09 
 1.96500000000000024e+12 -3.73876235070438339e-06 -8.17168994117297197e-09 -3.73876235182758381e-06 -8.17168994364195886e-09  1.03927718929846617e-11  3.00205387262172324e-14 -3.73876235070438424e-06 -8.17168994117298189e-09 -3.73876235182758381e-06 -8.17168994364195886e-09 
 1.97500000000000024e+12 -3.70099731487229741e-06 -8.04819027641065994e-09 -3.70099731586750776e-06 -8.04819027857304241e-09  1.01838785322675503e-11  2.92681812337079859e-14 -3.70099731487229868e-06 -8.04819027641065994e-09 -3.70099731586750776e-06 -8.04819027857304241e-09 
 1.98500000000000024e+12 -3.66380159639295790e-06 -7.92716674696806855e-09 -3.66380159726146440e-06 -7.92716674889730024e-09  9.98020730974672489e-12  2.85383368992918652e-14 -3.66380159639295705e-06 -7.92716674696806855e-09 -3.66380159726146440e-06 -7.92716674889730024e-09 
 1.99500000000000024e+12 -3.62716380903829784e-06 -7.80855760533032729e-09 -3.62716380978137485e-06 -7.80855760692204613e-09  9.78160234746835718e-12  2.78302236782899742e-14 -3.62716380903829741e-06 -7.80855760533033225e-09 -3.62716380978137485e-06 -7.80855760692204613e-09 
 2.00500000000000024e+12 -3.59107284981623345e-06 -7.69230294245009436e-09 -3.59107285043512866e-06 -7.69230294378912606e-09  9.58791316892381143e-12  2.71430904200482789e-14 -3.59107284981623218e-06 -7.69230294245009601e-09 -3.59107285043512866e-06 -7.69230294378912606e-09 
