 frequency                v(srcp,srcn)             v(srcp,srcn)             v(txp,txn)               v(txp,txn)               v(rdiep,rdien)           v(rdiep,rdien)           v(csrc)                  v(csrc)                  v(cload)                 v(cload)
 5.00000000000000000e+09  1.00000000000000000e+00 -6.12323399573676604e-17  5.06156920599873716e-01 -5.70964943206193398e-01 -4.79340069946109448e-01  1.98523907681425943e-01  5.06156920599873716e-01 -5.70964943206193398e-01  5.06156920599874161e-01 -5.70964943206193731e-01
 1.50000000000000000e+10  1.00000000000000000e+00 -6.12323399573676604e-17 -3.64350993364824793e-02 -1.08703971934882536e-02  1.75662413090753528e-03  7.14627417042184654e-04 -3.64350993364824793e-02 -1.08703971934882571e-02 -3.64350993364823961e-02 -1.08703971934882345e-02
 2.50000000000000000e+10  1.00000000000000000e+00 -6.12323399573676604e-17 -1.29765704016714632e-02 -2.26040592298962836e-03  2.23840127295965515e-04  5.20858229427084921e-05 -1.29765704016714632e-02 -2.26040592298962836e-03 -1.29765704016713661e-02 -2.26040592298961274e-03
 3.50000000000000000e+10  1.00000000000000000e+00 -6.12323399573676604e-17 -6.60556292037697314e-03 -8.16266076531158426e-04  5.80123040743900701e-05  9.52537577390330430e-06 -6.60556292037697140e-03 -8.16266076531158426e-04 -6.60556292037686992e-03 -8.16266076531147367e-04
 4.50000000000000000e+10  1.00000000000000000e+00 -6.12323399573676604e-17 -3.99252020822461837e-03 -3.82676161231427169e-04  2.11921159822513906e-05  2.69316176811719137e-06 -3.99252020822461751e-03 -3.82676161231427006e-04 -3.99252020822451602e-03 -3.82676161231417628e-04
 5.50000000000000000e+10  1.00000000000000000e+00 -6.12323399573676604e-17 -2.67156241475088353e-03 -2.09219538854357772e-04  9.48830435332419114e-06  9.84144751968960639e-07 -2.67156241475088353e-03 -2.09219538854357691e-04 -2.67156241475105093e-03 -2.09219538854371243e-04
 6.50000000000000000e+10  1.00000000000000000e+00 -6.12323399573676604e-17 -1.91232622528067389e-03 -1.26621303876607680e-04  4.86144791413538944e-06  4.26063599038623562e-07 -1.91232622528067389e-03 -1.26621303876607653e-04 -1.91232622528080074e-03 -1.26621303876616300e-04
 7.50000000000000000e+10  1.00000000000000000e+00 -6.12323399573676604e-17 -1.43616070240327283e-03 -8.23732979245381540e-05  2.74180281138865882e-06  2.08072631327199032e-07 -1.43616070240327304e-03 -8.23732979245381540e-05 -1.43616070240336889e-03 -8.23732979245441035e-05
 8.50000000000000000e+10  1.00000000000000000e+00 -6.12323399573676604e-17 -1.11801054385784917e-03 -5.65625917126270347e-05  1.66155094936929318e-06  1.11193612148939777e-07 -1.11801054385784917e-03 -5.65625917126270415e-05 -1.11801054385792225e-03 -5.65625917126302263e-05
 9.50000000000000000e+10  1.00000000000000000e+00 -6.12323399573676604e-17 -8.94967777730949830e-04 -4.05029317196533878e-05  1.06470817986905778e-06  6.37255492113044417e-08 -8.94967777730949830e-04 -4.05029317196533878e-05 -8.94967777730689188e-04 -4.05029317196417733e-05
 1.05000000000000000e+11  1.00000000000000000e+00 -6.12323399573676604e-17 -7.32579709518820562e-04 -2.99913326242029255e-05  7.13380119531151499e-07  3.86196605516823344e-08 -7.32579709518820345e-04 -2.99913326242029221e-05 -7.32579709518859702e-04 -2.99913326242044332e-05
 1.15000000000000000e+11  1.00000000000000000e+00 -6.12323399573676604e-17 -6.10691669664684394e-04 -2.28244310821780449e-05  4.95737441998339871e-07  2.44981461622347704e-08 -6.10691669664684394e-04 -2.28244310821780415e-05 -6.10691669664972249e-04 -2.28244310821885447e-05
 1.25000000000000000e+11  1.00000000000000000e+00 -6.12323399573676604e-17 -5.16874983444707355e-04 -1.77709022907078079e-05  3.55120722455680053e-07  1.61424853821745944e-08 -5.16874983444707463e-04 -1.77709022907078079e-05 -5.16874983444723943e-04 -1.77709022907081772e-05
 1.35000000000000000e+11  1.00000000000000000e+00 -6.12323399573676604e-17 -4.43127271387658197e-04 -1.41057383514599552e-05  2.61011573787596719e-07  1.09842777739876283e-08 -4.43127271387658143e-04 -1.41057383514599535e-05 -4.43127271387443471e-04 -1.41057383514530705e-05
 1.45000000000000000e+11  1.00000000000000000e+00 -6.12323399573676604e-17 -3.84107158373652639e-04 -1.13830650856495902e-05  1.96112757562863474e-07  7.68309562822518333e-09 -3.84107158373652639e-04 -1.13830650856495902e-05 -3.84107158373652639e-04 -1.13830650856494699e-05
 1.55000000000000000e+11  1.00000000000000000e+00 -6.12323399573676604e-17 -3.36138943920420924e-04 -9.31838370433605500e-06  1.50188701465376732e-07  5.50383840655502316e-09 -3.36138943920420924e-04 -9.31838370433605500e-06 -3.36138943920220401e-04 -9.31838370433044256e-06
 1.65000000000000000e+11  1.00000000000000000e+00 -6.12323399573676604e-17 -2.96626027313864633e-04 -7.72433629062257433e-06  1.16954493575782469e-07  4.02588670172066412e-09 -2.96626027313864578e-04 -7.72433629062257602e-06 -2.96626027313852110e-04 -7.72433629062210168e-06
 1.75000000000000000e+11  1.00000000000000000e+00 -6.12323399573676604e-17 -2.63691913926150613e-04 -6.47410835186683308e-06  9.24253328458007744e-08  2.99954428488775917e-09 -2.63691913926150667e-04 -6.47410835186683393e-06 -2.63691913925961203e-04 -6.47410835186219219e-06
 1.85000000000000000e+11  1.00000000000000000e+00 -6.12323399573676604e-17 -2.35953209634650549e-04 -5.47977861783893137e-06  7.40028299623473437e-08  2.27173032167698808e-09 -2.35953209634650522e-04 -5.47977861783893137e-06 -2.35953209634628161e-04 -5.47977861783834183e-06
 1.95000000000000000e+11  1.00000000000000000e+00 -6.12323399573676604e-17 -2.12371921101384825e-04 -4.67908399482171680e-06  5.99501143872571975e-08  1.74588956799232430e-09 -2.12371921101384798e-04 -4.67908399482171680e-06 -2.12371921101204035e-04 -4.67908399481785942e-06
